Freq;Real;Imaginaria
1.00000000000000e+01;2.07504126647297e-05;4.55521482315642e-03
2.00000000000000e+01;8.29964840250392e-05;9.10986254609139e-03
3.00000000000000e+01;1.86722717395049e-04;1.36633763038957e-02
4.00000000000000e+01;3.31903295680423e-04;1.82151897020794e-02
5.00000000000000e+01;5.18502097438498e-04;2.27647370512697e-02
6.00000000000000e+01;7.46472719336348e-04;2.73114536012940e-02
7.00000000000000e+01;1.01575850498075e-03;3.18547757744472e-02
8.00000000000000e+01;1.32629258008659e-03;3.63941413977387e-02
9.00000000000000e+01;1.67799789394312e-03;4.09289899339214e-02
1.00000000000000e+02;2.07078726712993e-03;4.54587627111013e-02
1.10000000000000e+02;2.50456344542778e-03;4.99829031507336e-02
1.20000000000000e+02;2.97921915986211e-03;5.45008569938090e-02
1.30000000000000e+02;3.49463719281012e-03;5.90120725250414e-02
1.40000000000000e+02;4.05069045009580e-03;6.35160007948651e-02
1.50000000000000e+02;4.64724203899032e-03;6.80120958390591e-02
1.60000000000000e+02;5.28414535202888e-03;7.24998148958155e-02
1.70000000000000e+02;5.96124415654874e-03;7.69786186200737e-02
1.80000000000000e+02;6.67837268984688e-03;8.14479712949463e-02
1.90000000000000e+02;7.43535575985009e-03;8.59073410400680e-02
2.00000000000000e+02;8.23200885118391e-03;9.03562000167002e-02
2.10000000000000e+02;9.06813823652200e-03;9.47940246294318e-02
2.20000000000000e+02;9.94354109309153e-03;9.92202957243201e-02
2.30000000000000e+02;1.08580056242052e-02;1.03634498783320e-01
2.40000000000000e+02;1.18113111856860e-02;1.08036124114857e-01
2.50000000000000e+02;1.28032284170451e-02;1.12424667040406e-01
2.60000000000000e+02;1.38335193772707e-02;1.16799628076931e-01
2.70000000000000e+02;1.49019376850782e-02;1.21160513115075e-01
2.80000000000000e+02;1.60082286634730e-02;1.25506833592960e-01
2.90000000000000e+02;1.71521294884675e-02;1.29838106665487e-01
3.00000000000000e+02;1.83333693417967e-02;1.34153855369027e-01
3.10000000000000e+02;1.95516695674682e-02;1.38453608781399e-01
3.20000000000000e+02;2.08067438319836e-02;1.42736902177026e-01
3.30000000000000e+02;2.20982982880625e-02;1.47003277177192e-01
3.40000000000000e+02;2.34260317417009e-02;1.51252281895308e-01
3.50000000000000e+02;2.47896358223914e-02;1.55483471077104e-01
3.60000000000000e+02;2.61887951563314e-02;1.59696406235679e-01
3.70000000000000e+02;2.76231875424455e-02;1.63890655781348e-01
3.80000000000000e+02;2.90924841310440e-02;1.68065795146213e-01
3.90000000000000e+02;3.05963496049419e-02;1.72221406903422e-01
4.00000000000000e+02;3.21344423628589e-02;1.76357080881055e-01
4.10000000000000e+02;3.37064147049235e-02;1.80472414270612e-01
4.20000000000000e+02;3.53119130201011e-02;1.84567011730054e-01
4.30000000000000e+02;3.69505779753677e-02;1.88640485481389e-01
4.40000000000000e+02;3.86220447064526e-02;1.92692455402762e-01
4.50000000000000e+02;4.03259430099700e-02;1.96722549115059e-01
4.60000000000000e+02;4.20618975367641e-02;2.00730402062993e-01
4.70000000000000e+02;4.38295279862921e-02;2.04715657590696e-01
4.80000000000000e+02;4.56284493018698e-02;2.08677967011797e-01
4.90000000000000e+02;4.74582718666072e-02;2.12616989674020e-01
5.00000000000000e+02;4.93186016998627e-02;2.16532393018303e-01
5.10000000000000e+02;5.12090406540474e-02;2.20423852632467e-01
5.20000000000000e+02;5.31291866116116e-02;2.24291052299462e-01
5.30000000000000e+02;5.50786336820489e-02;2.28133684040230e-01
5.40000000000000e+02;5.70569723987564e-02;2.31951448151211e-01
5.50000000000000e+02;5.90637899155903e-02;2.35744053236550e-01
5.60000000000000e+02;6.10986702029624e-02;2.39511216235048e-01
5.70000000000000e+02;6.31611942433220e-02;2.43252662441913e-01
5.80000000000000e+02;6.52509402258745e-02;2.46968125525368e-01
5.90000000000000e+02;6.73674837403888e-02;2.50657347538183e-01
6.00000000000000e+02;6.95103979699515e-02;2.54320078924198e-01
6.10000000000000e+02;7.16792538825273e-02;2.57956078519913e-01
6.20000000000000e+02;7.38736204211899e-02;2.61565113551207e-01
6.30000000000000e+02;7.60930646928920e-02;2.65146959625290e-01
6.40000000000000e+02;7.83371521556456e-02;2.68701400717951e-01
6.50000000000000e+02;8.06054468039898e-02;2.72228229156197e-01
6.60000000000000e+02;8.28975113526250e-02;2.75727245596380e-01
6.70000000000000e+02;8.52129074180998e-02;2.79198258997892e-01
6.80000000000000e+02;8.75511956984373e-02;2.82641086592539e-01
6.90000000000000e+02;8.99119361505961e-02;2.86055553849680e-01
7.00000000000000e+02;9.22946881656617e-02;2.89441494437244e-01
7.10000000000000e+02;9.46990107416724e-02;2.92798750178721e-01
7.20000000000000e+02;9.71244626539838e-02;2.96127171006240e-01
7.30000000000000e+02;9.95706026230853e-02;2.99426614909832e-01
7.40000000000000e+02;1.02036989479782e-01;3.02696947883002e-01
7.50000000000000e+02;1.04523182327666e-01;3.05938043864707e-01
7.60000000000000e+02;1.07028740702791e-01;3.09149784677858e-01
7.70000000000000e+02;1.09553224730501e-01;3.12332059964471e-01
7.80000000000000e+02;1.12096195279318e-01;3.15484767117557e-01
7.90000000000000e+02;1.14657214111849e-01;3.18607811209893e-01
8.00000000000000e+02;1.17235844032651e-01;3.21701104919773e-01
8.10000000000000e+02;1.19831649032986e-01;3.24764568453859e-01
8.20000000000000e+02;1.22444194432443e-01;3.27798129467258e-01
8.30000000000000e+02;1.25073047017357e-01;3.30801722980928e-01
8.40000000000000e+02;1.27717775175997e-01;3.33775291296541e-01
8.50000000000000e+02;1.30377949030498e-01;3.36718783908915e-01
8.60000000000000e+02;1.33053140565474e-01;3.39632157416135e-01
8.70000000000000e+02;1.35742923753325e-01;3.42515375427475e-01
8.80000000000000e+02;1.38446874676175e-01;3.45368408469238e-01
8.90000000000000e+02;1.41164571644448e-01;3.48191233888632e-01
9.00000000000000e+02;1.43895595312060e-01;3.50983835755791e-01
9.10000000000000e+02;1.46639528788204e-01;3.53746204764062e-01
9.20000000000000e+02;1.49395957745733e-01;3.56478338128656e-01
9.30000000000000e+02;1.52164470526129e-01;3.59180239483789e-01
9.40000000000000e+02;1.54944658241059e-01;3.61851918778415e-01
9.50000000000000e+02;1.57736114870519e-01;3.64493392170658e-01
9.60000000000000e+02;1.60538437357566e-01;3.67104681921052e-01
9.70000000000000e+02;1.63351225699662e-01;3.69685816284693e-01
9.80000000000000e+02;1.66174083036621e-01;3.72236829402410e-01
9.90000000000000e+02;1.69006615735186e-01;3.74757761191046e-01
1.00000000000000e+03;1.71848433470256e-01;3.77248657232965e-01
1.01000000000000e+03;1.74699149302769e-01;3.79709568664865e-01
1.02000000000000e+03;1.77558379754279e-01;3.82140552066009e-01
1.03000000000000e+03;1.80425744878239e-01;3.84541669345952e-01
1.04000000000000e+03;1.83300868328035e-01;3.86912987631875e-01
1.05000000000000e+03;1.86183377421774e-01;3.89254579155589e-01
1.06000000000000e+03;1.89072903203890e-01;3.91566521140333e-01
1.07000000000000e+03;1.91969080503579e-01;3.93848895687406e-01
1.08000000000000e+03;1.94871547990103e-01;3.96101789662763e-01
1.09000000000000e+03;1.97779948225016e-01;3.98325294583618e-01
1.10000000000000e+03;2.00693927711331e-01;4.00519506505151e-01
1.11000000000000e+03;2.03613136939685e-01;4.02684525907398e-01
1.12000000000000e+03;2.06537230431540e-01;4.04820457582382e-01
1.13000000000000e+03;2.09465866779461e-01;4.06927410521569e-01
1.14000000000000e+03;2.12398708684526e-01;4.09005497803724e-01
1.15000000000000e+03;2.15335422990909e-01;4.11054836483206e-01
1.16000000000000e+03;2.18275680717683e-01;4.13075547478806e-01
1.17000000000000e+03;2.21219157087901e-01;4.15067755463153e-01
1.18000000000000e+03;2.24165531554995e-01;4.17031588752772e-01
1.19000000000000e+03;2.27114487826555e-01;4.18967179198844e-01
1.20000000000000e+03;2.30065713885533e-01;4.20874662078715e-01
1.21000000000000e+03;2.33018902008928e-01;4.22754175988223e-01
1.22000000000000e+03;2.35973748784007e-01;4.24605862734878e-01
1.23000000000000e+03;2.38929955122114e-01;4.26429867231950e-01
1.24000000000000e+03;2.41887226270120e-01;4.28226337393519e-01
1.25000000000000e+03;2.44845271819579e-01;4.29995424030507e-01
1.26000000000000e+03;2.47803805713632e-01;4.31737280747762e-01
1.27000000000000e+03;2.50762546251725e-01;4.33452063842216e-01
1.28000000000000e+03;2.53721216092194e-01;4.35139932202150e-01
1.29000000000000e+03;2.56679542252769e-01;4.36801047207625e-01
1.30000000000000e+03;2.59637256109061e-01;4.38435572632079e-01
1.31000000000000e+03;2.62594093391083e-01;4.40043674545150e-01
1.32000000000000e+03;2.65549794177861e-01;4.41625521216739e-01
1.33000000000000e+03;2.68504102890192e-01;4.43181283022337e-01
1.34000000000000e+03;2.71456768281608e-01;4.44711132349656e-01
1.35000000000000e+03;2.74407543427594e-01;4.46215243506569e-01
1.36000000000000e+03;2.77356185713124e-01;4.47693792630399e-01
1.37000000000000e+03;2.80302456818562e-01;4.49146957598557e-01
1.38000000000000e+03;2.83246122703989e-01;4.50574917940564e-01
1.39000000000000e+03;2.86186953592005e-01;4.51977854751461e-01
1.40000000000000e+03;2.89124723949062e-01;4.53355950606629e-01
1.41000000000000e+03;2.92059212465382e-01;4.54709389478030e-01
1.42000000000000e+03;2.94990202033511e-01;4.56038356651871e-01
1.43000000000000e+03;2.97917479725561e-01;4.57343038647721e-01
1.44000000000000e+03;3.00840836769188e-01;4.58623623139065e-01
1.45000000000000e+03;3.03760068522371e-01;4.59880298875322e-01
1.46000000000000e+03;3.06674974447016e-01;4.61113255605321e-01
1.47000000000000e+03;3.09585358081459e-01;4.62322684002238e-01
1.48000000000000e+03;3.12491027011908e-01;4.63508775590011e-01
1.49000000000000e+03;3.15391792842867e-01;4.64671722671209e-01
1.50000000000000e+03;3.18287471166591e-01;4.65811718256387e-01
1.51000000000000e+03;3.21177881531624e-01;4.66928955994894e-01
1.52000000000000e+03;3.24062847410459e-01;4.68023630107161e-01
1.53000000000000e+03;3.26942196166369e-01;4.69095935318439e-01
1.54000000000000e+03;3.29815759019450e-01;4.70146066794006e-01
1.55000000000000e+03;3.32683371011913e-01;4.71174220075826e-01
1.56000000000000e+03;3.35544870972688e-01;4.72180591020650e-01
1.57000000000000e+03;3.38400101481349e-01;4.73165375739563e-01
1.58000000000000e+03;3.41248908831435e-01;4.74128770538964e-01
1.59000000000000e+03;3.44091142993173e-01;4.75070971862968e-01
1.60000000000000e+03;3.46926657575672e-01;4.75992176237220e-01
1.61000000000000e+03;3.49755309788602e-01;4.76892580214120e-01
1.62000000000000e+03;3.52576960403409e-01;4.77772380319438e-01
1.63000000000000e+03;3.55391473714094e-01;4.78631773000308e-01
1.64000000000000e+03;3.58198717497593e-01;4.79470954574594e-01
1.65000000000000e+03;3.60998562973797e-01;4.80290121181615e-01
1.66000000000000e+03;3.63790884765241e-01;4.81089468734210e-01
1.67000000000000e+03;3.66575560856483e-01;4.81869192872130e-01
1.68000000000000e+03;3.69352472553232e-01;4.82629488916753e-01
1.69000000000000e+03;3.72121504441228e-01;4.83370551827090e-01
1.70000000000000e+03;3.74882544344916e-01;4.84092576157080e-01
1.71000000000000e+03;3.77635483285944e-01;4.84795756014154e-01
1.72000000000000e+03;3.80380215441506e-01;4.85480285019051e-01
1.73000000000000e+03;3.83116638102565e-01;4.86146356266869e-01
1.74000000000000e+03;3.85844651631978e-01;4.86794162289335e-01
1.75000000000000e+03;3.88564159422542e-01;4.87423895018284e-01
1.76000000000000e+03;3.91275067855000e-01;4.88035745750314e-01
1.77000000000000e+03;3.93977286256020e-01;4.88629905112614e-01
1.78000000000000e+03;3.96670726856166e-01;4.89206563029940e-01
1.79000000000000e+03;3.99355304747900e-01;4.89765908692726e-01
1.80000000000000e+03;4.02030937843620e-01;4.90308130526304e-01
1.81000000000000e+03;4.04697546833759e-01;4.90833416161223e-01
1.82000000000000e+03;4.07355055144965e-01;4.91341952404644e-01
1.83000000000000e+03;4.10003388898391e-01;4.91833925212796e-01
1.84000000000000e+03;4.12642476868092e-01;4.92309519664467e-01
1.85000000000000e+03;4.15272250439566e-01;4.92768919935526e-01
1.86000000000000e+03;4.17892643568446e-01;4.93212309274436e-01
1.87000000000000e+03;4.20503592739364e-01;4.93639869978764e-01
1.88000000000000e+03;4.23105036924995e-01;4.94051783372648e-01
1.89000000000000e+03;4.25696917545309e-01;4.94448229785214e-01
1.90000000000000e+03;4.28279178427025e-01;4.94829388529923e-01
1.91000000000000e+03;4.30851765763307e-01;4.95195437884829e-01
1.92000000000000e+03;4.33414628073684e-01;4.95546555073723e-01
1.93000000000000e+03;4.35967716164241e-01;4.95882916248157e-01
1.94000000000000e+03;4.38510983088055e-01;4.96204696470320e-01
1.95000000000000e+03;4.41044384105922e-01;4.96512069696750e-01
1.96000000000000e+03;4.43567876647356e-01;4.96805208762863e-01
1.97000000000000e+03;4.46081420271901e-01;4.97084285368291e-01
1.98000000000000e+03;4.48584976630725e-01;4.97349470062990e-01
1.99000000000000e+03;4.51078509428551e-01;4.97600932234122e-01
2.00000000000000e+03;4.53561984385894e-01;4.97838840093683e-01
2.01000000000000e+03;4.56035369201635e-01;4.98063360666857e-01
2.02000000000000e+03;4.58498633515931e-01;4.98274659781084e-01
2.03000000000000e+03;4.60951748873469e-01;4.98472902055828e-01
2.04000000000000e+03;4.63394688687071e-01;4.98658250893017e-01
2.05000000000000e+03;4.65827428201656e-01;4.98830868468148e-01
2.06000000000000e+03;4.68249944458565e-01;4.98990915722036e-01
2.07000000000000e+03;4.70662216260249e-01;4.99138552353191e-01
2.08000000000000e+03;4.73064224135334e-01;4.99273936810814e-01
2.09000000000000e+03;4.75455950304063e-01;4.99397226288376e-01
2.10000000000000e+03;4.77837378644112e-01;4.99508576717793e-01
2.11000000000000e+03;4.80208494656795e-01;4.99608142764157e-01
2.12000000000000e+03;4.82569285433656e-01;4.99696077821016e-01
2.13000000000000e+03;4.84919739623451e-01;4.99772534006197e-01
2.14000000000000e+03;4.87259847399517e-01;4.99837662158142e-01
2.15000000000000e+03;4.89589600427543e-01;4.99891611832747e-01
2.16000000000000e+03;4.91908991833737e-01;4.99934531300703e-01
2.17000000000000e+03;4.94218016173384e-01;4.99966567545300e-01
2.18000000000000e+03;4.96516669399809e-01;4.99987866260702e-01
2.19000000000000e+03;4.98804948833743e-01;4.99998571850670e-01
2.20000000000000e+03;5.01082853133086e-01;4.99998827427717e-01
2.21000000000000e+03;5.03350382263070e-01;4.99988774812686e-01
2.22000000000000e+03;5.05607537466829e-01;4.99968554534741e-01
2.23000000000000e+03;5.07854321236369e-01;4.99938305831746e-01
2.24000000000000e+03;5.10090737283939e-01;4.99898166651036e-01
2.25000000000000e+03;5.12316790513802e-01;4.99848273650554e-01
2.26000000000000e+03;5.14532486994413e-01;4.99788762200349e-01
2.27000000000000e+03;5.16737833930989e-01;4.99719766384419e-01
2.28000000000000e+03;5.18932839638481e-01;4.99641419002892e-01
2.29000000000000e+03;5.21117513514945e-01;4.99553851574529e-01
2.30000000000000e+03;5.23291866015309e-01;4.99457194339540e-01
2.31000000000000e+03;5.25455908625531e-01;4.99351576262706e-01
2.32000000000000e+03;5.27609653837155e-01;4.99237125036783e-01
2.33000000000000e+03;5.29753115122250e-01;4.99113967086198e-01
2.34000000000000e+03;5.31886306908752e-01;4.98982227571004e-01
2.35000000000000e+03;5.34009244556176e-01;4.98842030391103e-01
2.36000000000000e+03;5.36121944331725e-01;4.98693498190718e-01
2.37000000000000e+03;5.38224423386773e-01;4.98536752363102e-01
2.38000000000000e+03;5.40316699733735e-01;4.98371913055481e-01
2.39000000000000e+03;5.42398792223306e-01;4.98199099174221e-01
2.40000000000000e+03;5.44470720522082e-01;4.98018428390202e-01
2.41000000000000e+03;5.46532505090542e-01;4.97830017144405e-01
2.42000000000000e+03;5.48584167161410e-01;4.97633980653685e-01
2.43000000000000e+03;5.50625728718375e-01;4.97430432916738e-01
2.44000000000000e+03;5.52657212475172e-01;4.97219486720246e-01
2.45000000000000e+03;5.54678641855028e-01;4.97001253645189e-01
2.46000000000000e+03;5.56690040970458e-01;4.96775844073328e-01
2.47000000000000e+03;5.58691434603417e-01;4.96543367193836e-01
2.48000000000000e+03;5.60682848185799e-01;4.96303931010081e-01
2.49000000000000e+03;5.62664307780280e-01;4.96057642346551e-01
2.50000000000000e+03;5.64635840061507e-01;4.95804606855910e-01
2.51000000000000e+03;5.66597472297624e-01;4.95544929026186e-01
2.52000000000000e+03;5.68549232332130e-01;4.95278712188073e-01
2.53000000000000e+03;5.70491148566070e-01;4.95006058522354e-01
2.54000000000000e+03;5.72423249940555e-01;4.94727069067428e-01
2.55000000000000e+03;5.74345565919608e-01;4.94441843726938e-01
2.56000000000000e+03;5.76258126473317e-01;4.94150481277495e-01
2.57000000000000e+03;5.78160962061326e-01;4.93853079376496e-01
2.58000000000000e+03;5.80054103616616e-01;4.93549734570023e-01
2.59000000000000e+03;5.81937582529613e-01;4.93240542300816e-01
2.60000000000000e+03;5.83811430632590e-01;4.92925596916328e-01
2.61000000000000e+03;5.85675680184374e-01;4.92604991676845e-01
2.62000000000000e+03;5.87530363855348e-01;4.92278818763666e-01
2.63000000000000e+03;5.89375514712751e-01;4.91947169287344e-01
2.64000000000000e+03;5.91211166206264e-01;4.91610133295982e-01
2.65000000000000e+03;5.93037352153882e-01;4.91267799783575e-01
2.66000000000000e+03;5.94854106728068e-01;4.90920256698397e-01
2.67000000000000e+03;5.96661464442189e-01;4.90567590951432e-01
2.68000000000000e+03;5.98459460137217e-01;4.90209888424834e-01
2.69000000000000e+03;6.00248128968713e-01;4.89847233980424e-01
2.70000000000000e+03;6.02027506394067e-01;4.89479711468217e-01
2.71000000000000e+03;6.03797628160006e-01;4.89107403734964e-01
2.72000000000000e+03;6.05558530290358e-01;4.88730392632727e-01
2.73000000000000e+03;6.07310249074079e-01;4.88348759027459e-01
2.74000000000000e+03;6.09052821053517e-01;4.87962582807606e-01
2.75000000000000e+03;6.10786283012941e-01;4.87571942892715e-01
2.76000000000000e+03;6.12510671967299e-01;4.87176917242050e-01
2.77000000000000e+03;6.14226025151227e-01;4.86777582863212e-01
2.78000000000000e+03;6.15932380008286e-01;4.86374015820761e-01
2.79000000000000e+03;6.17629774180443e-01;4.85966291244833e-01
2.80000000000000e+03;6.19318245497768e-01;4.85554483339753e-01
2.81000000000000e+03;6.20997831968369e-01;4.85138665392643e-01
2.82000000000000e+03;6.22668571768538e-01;4.84718909782017e-01
2.83000000000000e+03;6.24330503233127e-01;4.84295287986366e-01
2.84000000000000e+03;6.25983664846131e-01;4.83867870592725e-01
2.85000000000000e+03;6.27628095231484e-01;4.83436727305222e-01
2.86000000000000e+03;6.29263833144065e-01;4.83001926953613e-01
2.87000000000000e+03;6.30890917460911e-01;4.82563537501789e-01
2.88000000000000e+03;6.32509387172621e-01;4.82121626056264e-01
2.89000000000000e+03;6.34119281374972e-01;4.81676258874632e-01
2.90000000000000e+03;6.35720639260720e-01;4.81227501373999e-01
2.91000000000000e+03;6.37313500111594e-01;4.80775418139388e-01
2.92000000000000e+03;6.38897903290481e-01;4.80320072932111e-01
2.93000000000000e+03;6.40473888233794e-01;4.79861528698102e-01
2.94000000000000e+03;6.42041494444017e-01;4.79399847576228e-01
2.95000000000000e+03;6.43600761482439e-01;4.78935090906548e-01
2.96000000000000e+03;6.45151728962053e-01;4.78467319238552e-01
2.97000000000000e+03;6.46694436540632e-01;4.77996592339345e-01
2.98000000000000e+03;6.48228923913975e-01;4.77522969201802e-01
2.99000000000000e+03;6.49755230809316e-01;4.77046508052672e-01
3.00000000000000e+03;6.51273396978898e-01;4.76567266360652e-01
3.01000000000000e+03;6.52783462193705e-01;4.76085300844402e-01
3.02000000000000e+03;6.54285466237358e-01;4.75600667480525e-01
3.03000000000000e+03;6.55779448900155e-01;4.75113421511500e-01
3.04000000000000e+03;6.57265449973271e-01;4.74623617453561e-01
3.05000000000000e+03;6.58743509243103e-01;4.74131309104540e-01
3.06000000000000e+03;6.60213666485761e-01;4.73636549551647e-01
3.07000000000000e+03;6.61675961461704e-01;4.73139391179210e-01
3.08000000000000e+03;6.63130433910517e-01;4.72639885676364e-01
3.09000000000000e+03;6.64577123545818e-01;4.72138084044683e-01
3.10000000000000e+03;6.66016070050316e-01;4.71634036605766e-01
3.11000000000000e+03;6.67447313070984e-01;4.71127793008763e-01
3.12000000000000e+03;6.68870892214374e-01;4.70619402237860e-01
3.13000000000000e+03;6.70286847042059e-01;4.70108912619698e-01
3.14000000000000e+03;6.71695217066190e-01;4.69596371830739e-01
3.15000000000000e+03;6.73096041745190e-01;4.69081826904590e-01
3.16000000000000e+03;6.74489360479556e-01;4.68565324239252e-01
3.17000000000000e+03;6.75875212607789e-01;4.68046909604331e-01
3.18000000000000e+03;6.77253637402431e-01;4.67526628148181e-01
3.19000000000000e+03;6.78624674066221e-01;4.67004524404996e-01
3.20000000000000e+03;6.79988361728358e-01;4.66480642301845e-01
3.21000000000000e+03;6.81344739440879e-01;4.65955025165648e-01
3.22000000000000e+03;6.82693846175137e-01;4.65427715730096e-01
3.23000000000000e+03;6.84035720818384e-01;4.64898756142515e-01
3.24000000000000e+03;6.85370402170464e-01;4.64368187970667e-01
3.25000000000000e+03;6.86697928940596e-01;4.63836052209498e-01
3.26000000000000e+03;6.88018339744262e-01;4.63302389287829e-01
3.27000000000000e+03;6.89331673100190e-01;4.62767239074983e-01
3.28000000000000e+03;6.90637967427426e-01;4.62230640887360e-01
3.29000000000000e+03;6.91937261042509e-01;4.61692633494947e-01
3.30000000000000e+03;6.93229592156723e-01;4.61153255127779e-01
3.31000000000000e+03;6.94514998873452e-01;4.60612543482329e-01
3.32000000000000e+03;6.95793519185606e-01;4.60070535727855e-01
3.33000000000000e+03;6.97065190973145e-01;4.59527268512673e-01
3.34000000000000e+03;6.98330052000676e-01;4.58982777970382e-01
3.35000000000000e+03;6.99588139915142e-01;4.58437099726029e-01
3.36000000000000e+03;7.00839492243577e-01;4.57890268902214e-01
3.37000000000000e+03;7.02084146390950e-01;4.57342320125135e-01
3.38000000000000e+03;7.03322139638078e-01;4.56793287530579e-01
3.39000000000000e+03;7.04553509139619e-01;4.56243204769855e-01
3.40000000000000e+03;7.05778291922132e-01;4.55692105015667e-01
3.41000000000000e+03;7.06996524882213e-01;4.55140020967930e-01
3.42000000000000e+03;7.08208244784698e-01;4.54586984859526e-01
3.43000000000000e+03;7.09413488260932e-01;4.54033028462015e-01
3.44000000000000e+03;7.10612291807110e-01;4.53478183091267e-01
3.45000000000000e+03;7.11804691782682e-01;4.52922479613061e-01
3.46000000000000e+03;7.12990724408812e-01;4.52365948448609e-01
3.47000000000000e+03;7.14170425766914e-01;4.51808619580037e-01
3.48000000000000e+03;7.15343831797240e-01;4.51250522555799e-01
3.49000000000000e+03;7.16510978297528e-01;4.50691686496043e-01
3.50000000000000e+03;7.17671900921706e-01;4.50132140097917e-01
3.51000000000000e+03;7.18826635178662e-01;4.49571911640824e-01
3.52000000000000e+03;7.19975216431059e-01;4.49011028991615e-01
3.53000000000000e+03;7.21117679894206e-01;4.48449519609737e-01
3.54000000000000e+03;7.22254060634988e-01;4.47887410552316e-01
3.55000000000000e+03;7.23384393570844e-01;4.47324728479196e-01
3.56000000000000e+03;7.24508713468791e-01;4.46761499657914e-01
3.57000000000000e+03;7.25627054944501e-01;4.46197749968634e-01
3.58000000000000e+03;7.26739452461431e-01;4.45633504909012e-01
3.59000000000000e+03;7.27845940329990e-01;4.45068789599027e-01
3.60000000000000e+03;7.28946552706761e-01;4.44503628785739e-01
3.61000000000000e+03;7.30041323593760e-01;4.43938046848016e-01
3.62000000000000e+03;7.31130286837743e-01;4.43372067801189e-01
3.63000000000000e+03;7.32213476129556e-01;4.42805715301675e-01
3.64000000000000e+03;7.33290925003523e-01;4.42239012651531e-01
3.65000000000000e+03;7.34362666836878e-01;4.41671982802969e-01
3.66000000000000e+03;7.35428734849236e-01;4.41104648362821e-01
3.67000000000000e+03;7.36489162102098e-01;4.40537031596945e-01
3.68000000000000e+03;7.37543981498403e-01;4.39969154434588e-01
3.69000000000000e+03;7.38593225782103e-01;4.39401038472704e-01
3.70000000000000e+03;7.39636927537790e-01;4.38832704980210e-01
3.71000000000000e+03;7.40675119190342e-01;4.38264174902209e-01
3.72000000000000e+03;7.41707833004616e-01;4.37695468864155e-01
3.73000000000000e+03;7.42735101085162e-01;4.37126607175972e-01
3.74000000000000e+03;7.43756955375982e-01;4.36557609836126e-01
3.75000000000000e+03;7.44773427660308e-01;4.35988496535659e-01
3.76000000000000e+03;7.45784549560422e-01;4.35419286662156e-01
3.77000000000000e+03;7.46790352537493e-01;4.34849999303691e-01
3.78000000000000e+03;7.47790867891459e-01;4.34280653252706e-01
3.79000000000000e+03;7.48786126760919e-01;4.33711267009862e-01
3.80000000000000e+03;7.49776160123069e-01;4.33141858787829e-01
3.81000000000000e+03;7.50760998793651e-01;4.32572446515044e-01
3.82000000000000e+03;7.51740673426942e-01;4.32003047839422e-01
3.83000000000000e+03;7.52715214515752e-01;4.31433680132019e-01
3.84000000000000e+03;7.53684652391465e-01;4.30864360490656e-01
3.85000000000000e+03;7.54649017224084e-01;4.30295105743498e-01
3.86000000000000e+03;7.55608339022318e-01;4.29725932452594e-01
3.87000000000000e+03;7.56562647633677e-01;4.29156856917372e-01
3.88000000000000e+03;7.57511972744601e-01;4.28587895178088e-01
3.89000000000000e+03;7.58456343880597e-01;4.28019063019248e-01
3.90000000000000e+03;7.59395790406411e-01;4.27450375972970e-01
3.91000000000000e+03;7.60330341526211e-01;4.26881849322323e-01
3.92000000000000e+03;7.61260026283791e-01;4.26313498104614e-01
3.93000000000000e+03;7.62184873562794e-01;4.25745337114644e-01
3.94000000000000e+03;7.63104912086959e-01;4.25177380907914e-01
3.95000000000000e+03;7.64020170420376e-01;4.24609643803807e-01
3.96000000000000e+03;7.64930676967768e-01;4.24042139888715e-01
3.97000000000000e+03;7.65836459974781e-01;4.23474883019143e-01
3.98000000000000e+03;7.66737547528300e-01;4.22907886824765e-01
3.99000000000000e+03;7.67633967556771e-01;4.22341164711447e-01
4.00000000000000e+03;7.68525747830547e-01;4.21774729864231e-01
4.01000000000000e+03;7.69412915962243e-01;4.21208595250288e-01
4.02000000000000e+03;7.70295499407107e-01;4.20642773621826e-01
4.03000000000000e+03;7.71173525463405e-01;4.20077277518968e-01
4.04000000000000e+03;7.72047021272822e-01;4.19512119272596e-01
4.05000000000000e+03;7.72916013820873e-01;4.18947311007154e-01
4.06000000000000e+03;7.73780529937326e-01;4.18382864643423e-01
4.07000000000000e+03;7.74640596296640e-01;4.17818791901257e-01
4.08000000000000e+03;7.75496239418414e-01;4.17255104302287e-01
4.09000000000000e+03;7.76347485667846e-01;4.16691813172589e-01
4.10000000000000e+03;7.77194361256204e-01;4.16128929645326e-01
4.11000000000000e+03;7.78036892241311e-01;4.15566464663348e-01
4.12000000000000e+03;7.78875104528031e-01;4.15004428981764e-01
4.13000000000000e+03;7.79709023868775e-01;4.14442833170484e-01
4.14000000000000e+03;7.80538675864010e-01;4.13881687616725e-01
4.15000000000000e+03;7.81364085962784e-01;4.13321002527487e-01
4.16000000000000e+03;7.82185279463250e-01;4.12760787932002e-01
4.17000000000000e+03;7.83002281513208e-01;4.12201053684144e-01
4.18000000000000e+03;7.83815117110649e-01;4.11641809464817e-01
4.19000000000000e+03;7.84623811104310e-01;4.11083064784306e-01
4.20000000000000e+03;7.85428388194236e-01;4.10524828984607e-01
4.21000000000000e+03;7.86228872932348e-01;4.09967111241716e-01
4.22000000000000e+03;7.87025289723020e-01;4.09409920567902e-01
4.23000000000000e+03;7.87817662823663e-01;4.08853265813940e-01
4.24000000000000e+03;7.88606016345310e-01;4.08297155671321e-01
4.25000000000000e+03;7.89390374253215e-01;4.07741598674435e-01
4.26000000000000e+03;7.90170760367454e-01;4.07186603202725e-01
4.27000000000000e+03;7.90947198363529e-01;4.06632177482812e-01
4.28000000000000e+03;7.91719711772985e-01;4.06078329590593e-01
4.29000000000000e+03;7.92488323984021e-01;4.05525067453319e-01
4.30000000000000e+03;7.93253058242118e-01;4.04972398851632e-01
4.31000000000000e+03;7.94013937650662e-01;4.04420331421595e-01
4.32000000000000e+03;7.94770985171578e-01;4.03868872656680e-01
4.33000000000000e+03;7.95524223625963e-01;4.03318029909738e-01
4.34000000000000e+03;7.96273675694727e-01;4.02767810394942e-01
4.35000000000000e+03;7.97019363919234e-01;4.02218221189709e-01
4.36000000000000e+03;7.97761310701954e-01;4.01669269236588e-01
4.37000000000000e+03;7.98499538307106e-01;4.01120961345134e-01
4.38000000000000e+03;7.99234068861315e-01;4.00573304193754e-01
4.39000000000000e+03;7.99964924354269e-01;4.00026304331525e-01
4.40000000000000e+03;8.00692126639375e-01;3.99479968179995e-01
4.41000000000000e+03;8.01415697434424e-01;3.98934302034959e-01
4.42000000000000e+03;8.02135658322250e-01;3.98389312068209e-01
4.43000000000000e+03;8.02852030751400e-01;3.97845004329265e-01
4.44000000000000e+03;8.03564836036803e-01;3.97301384747082e-01
4.45000000000000e+03;8.04274095360436e-01;3.96758459131734e-01
4.46000000000000e+03;8.04979829771998e-01;3.96216233176082e-01
4.47000000000000e+03;8.05682060189584e-01;3.95674712457407e-01
4.48000000000000e+03;8.06380807400357e-01;3.95133902439041e-01
4.49000000000000e+03;8.07076092061228e-01;3.94593808471958e-01
4.50000000000000e+03;8.07767934699531e-01;3.94054435796357e-01
4.51000000000000e+03;8.08456355713698e-01;3.93515789543221e-01
4.52000000000000e+03;8.09141375373945e-01;3.92977874735850e-01
4.53000000000000e+03;8.09823013822945e-01;3.92440696291385e-01
4.54000000000000e+03;8.10501291076513e-01;3.91904259022300e-01
4.55000000000000e+03;8.11176227024283e-01;3.91368567637888e-01
4.56000000000000e+03;8.11847841430391e-01;3.90833626745711e-01
4.57000000000000e+03;8.12516153934157e-01;3.90299440853049e-01
4.58000000000000e+03;8.13181184050763e-01;3.89766014368316e-01
4.59000000000000e+03;8.13842951171939e-01;3.89233351602465e-01
4.60000000000000e+03;8.14501474566641e-01;3.88701456770371e-01
4.61000000000000e+03;8.15156773381733e-01;3.88170333992199e-01
4.62000000000000e+03;8.15808866642665e-01;3.87639987294752e-01
4.63000000000000e+03;8.16457773254160e-01;3.87110420612799e-01
4.64000000000000e+03;8.17103512000886e-01;3.86581637790395e-01
4.65000000000000e+03;8.17746101548139e-01;3.86053642582168e-01
4.66000000000000e+03;8.18385560442520e-01;3.85526438654604e-01
4.67000000000000e+03;8.19021907112615e-01;3.85000029587311e-01
4.68000000000000e+03;8.19655159869667e-01;3.84474418874257e-01
4.69000000000000e+03;8.20285336908258e-01;3.83949609925005e-01
4.70000000000000e+03;8.20912456306976e-01;3.83425606065927e-01
4.71000000000000e+03;8.21536536029093e-01;3.82902410541396e-01
4.72000000000000e+03;8.22157593923240e-01;3.82380026514970e-01
4.73000000000000e+03;8.22775647724069e-01;3.81858457070559e-01
4.74000000000000e+03;8.23390715052931e-01;3.81337705213573e-01
4.75000000000000e+03;8.24002813418542e-01;3.80817773872057e-01
4.76000000000000e+03;8.24611960217646e-01;3.80298665897814e-01
4.77000000000000e+03;8.25218172735683e-01;3.79780384067507e-01
4.78000000000000e+03;8.25821468147454e-01;3.79262931083750e-01
4.79000000000000e+03;8.26421863517779e-01;3.78746309576186e-01
4.80000000000000e+03;8.27019375802158e-01;3.78230522102549e-01
4.81000000000000e+03;8.27614021847431e-01;3.77715571149709e-01
4.82000000000000e+03;8.28205818392432e-01;3.77201459134709e-01
4.83000000000000e+03;8.28794782068647e-01;3.76688188405784e-01
4.84000000000000e+03;8.29380929400860e-01;3.76175761243366e-01
4.85000000000000e+03;8.29964276807809e-01;3.75664179861082e-01
4.86000000000000e+03;8.30544840602834e-01;3.75153446406730e-01
4.87000000000000e+03;8.31122636994518e-01;3.74643562963247e-01
4.88000000000000e+03;8.31697682087338e-01;3.74134531549665e-01
4.89000000000000e+03;8.32269991882301e-01;3.73626354122050e-01
4.90000000000000e+03;8.32839582277588e-01;3.73119032574433e-01
4.91000000000000e+03;8.33406469069187e-01;3.72612568739726e-01
4.92000000000000e+03;8.33970667951534e-01;3.72106964390626e-01
4.93000000000000e+03;8.34532194518137e-01;3.71602221240508e-01
4.94000000000000e+03;8.35091064262215e-01;3.71098340944306e-01
4.95000000000000e+03;8.35647292577320e-01;3.70595325099379e-01
4.96000000000000e+03;8.36200894757966e-01;3.70093175246374e-01
4.97000000000000e+03;8.36751886000248e-01;3.69591892870063e-01
4.98000000000000e+03;8.37300281402465e-01;3.69091479400186e-01
4.99000000000000e+03;8.37846095965738e-01;3.68591936212269e-01
5.00000000000000e+03;8.38389344594624e-01;3.68093264628438e-01
5.01000000000000e+03;8.38930042097727e-01;3.67595465918219e-01
5.02000000000000e+03;8.39468203188314e-01;3.67098541299332e-01
5.03000000000000e+03;8.40003842484915e-01;3.66602491938466e-01
5.04000000000000e+03;8.40536974511931e-01;3.66107318952053e-01
5.05000000000000e+03;8.41067613700236e-01;3.65613023407026e-01
5.06000000000000e+03;8.41595774387777e-01;3.65119606321565e-01
5.07000000000000e+03;8.42121470820168e-01;3.64627068665842e-01
5.08000000000000e+03;8.42644717151286e-01;3.64135411362745e-01
5.09000000000000e+03;8.43165527443859e-01;3.63644635288599e-01
5.10000000000000e+03;8.43683915670059e-01;3.63154741273876e-01
5.11000000000000e+03;8.44199895712083e-01;3.62665730103895e-01
5.12000000000000e+03;8.44713481362737e-01;3.62177602519513e-01
5.13000000000000e+03;8.45224686326015e-01;3.61690359217805e-01
5.14000000000000e+03;8.45733524217678e-01;3.61204000852737e-01
5.15000000000000e+03;8.46240008565825e-01;3.60718528035832e-01
5.16000000000000e+03;8.46744152811466e-01;3.60233941336819e-01
5.17000000000000e+03;8.47245970309090e-01;3.59750241284282e-01
5.18000000000000e+03;8.47745474327229e-01;3.59267428366294e-01
5.19000000000000e+03;8.48242678049022e-01;3.58785503031052e-01
5.20000000000000e+03;8.48737594572775e-01;3.58304465687486e-01
5.21000000000000e+03;8.49230236912515e-01;3.57824316705879e-01
5.22000000000000e+03;8.49720617998544e-01;3.57345056418466e-01
5.23000000000000e+03;8.50208750677994e-01;3.56866685120030e-01
5.24000000000000e+03;8.50694647715369e-01;3.56389203068490e-01
5.25000000000000e+03;8.51178321793093e-01;3.55912610485477e-01
5.26000000000000e+03;8.51659785512052e-01;3.55436907556907e-01
5.27000000000000e+03;8.52139051392133e-01;3.54962094433545e-01
5.28000000000000e+03;8.52616131872757e-01;3.54488171231558e-01
5.29000000000000e+03;8.53091039313415e-01;3.54015138033068e-01
5.30000000000000e+03;8.53563785994199e-01;3.53542994886687e-01
5.31000000000000e+03;8.54034384116326e-01;3.53071741808055e-01
5.32000000000000e+03;8.54502845802664e-01;3.52601378780362e-01
5.33000000000000e+03;8.54969183098253e-01;3.52131905754873e-01
5.34000000000000e+03;8.55433407970823e-01;3.51663322651434e-01
5.35000000000000e+03;8.55895532311310e-01;3.51195629358979e-01
5.36000000000000e+03;8.56355567934366e-01;3.50728825736031e-01
5.37000000000000e+03;8.56813526578872e-01;3.50262911611190e-01
5.38000000000000e+03;8.57269419908443e-01;3.49797886783618e-01
5.39000000000000e+03;8.57723259511927e-01;3.49333751023519e-01
5.40000000000000e+03;8.58175056903916e-01;3.48870504072610e-01
5.41000000000000e+03;8.58624823525231e-01;3.48408145644583e-01
5.42000000000000e+03;8.59072570743426e-01;3.47946675425571e-01
5.43000000000000e+03;8.59518309853276e-01;3.47486093074592e-01
5.44000000000000e+03;8.59962052077265e-01;3.47026398224003e-01
5.45000000000000e+03;8.60403808566076e-01;3.46567590479934e-01
5.46000000000000e+03;8.60843590399068e-01;3.46109669422727e-01
5.47000000000000e+03;8.61281408584761e-01;3.45652634607363e-01
5.48000000000000e+03;8.61717274061309e-01;3.45196485563883e-01
5.49000000000000e+03;8.62151197696978e-01;3.44741221797807e-01
5.50000000000000e+03;8.62583190290616e-01;3.44286842790542e-01
5.51000000000000e+03;8.63013262572119e-01;3.43833347999791e-01
5.52000000000000e+03;8.63441425202902e-01;3.43380736859952e-01
5.53000000000000e+03;8.63867688776354e-01;3.42929008782510e-01
5.54000000000000e+03;8.64292063818304e-01;3.42478163156427e-01
5.55000000000000e+03;8.64714560787478e-01;3.42028199348529e-01
5.56000000000000e+03;8.65135190075947e-01;3.41579116703879e-01
5.57000000000000e+03;8.65553962009585e-01;3.41130914546153e-01
5.58000000000000e+03;8.65970886848515e-01;3.40683592178009e-01
5.59000000000000e+03;8.66385974787550e-01;3.40237148881448e-01
5.60000000000000e+03;8.66799235956646e-01;3.39791583918173e-01
5.61000000000000e+03;8.67210680421331e-01;3.39346896529942e-01
5.62000000000000e+03;8.67620318183149e-01;3.38903085938916e-01
5.63000000000000e+03;8.68028159180093e-01;3.38460151348001e-01
5.64000000000000e+03;8.68434213287035e-01;3.38018091941191e-01
5.65000000000000e+03;8.68838490316156e-01;3.37576906883896e-01
5.66000000000000e+03;8.69241000017372e-01;3.37136595323278e-01
5.67000000000000e+03;8.69641752078756e-01;3.36697156388568e-01
5.68000000000000e+03;8.70040756126961e-01;3.36258589191394e-01
5.69000000000000e+03;8.70438021727637e-01;3.35820892826093e-01
5.70000000000000e+03;8.70833558385845e-01;3.35384066370023e-01
5.71000000000000e+03;8.71227375546470e-01;3.34948108883869e-01
5.72000000000000e+03;8.71619482594630e-01;3.34513019411950e-01
5.73000000000000e+03;8.72009888856086e-01;3.34078796982513e-01
5.74000000000000e+03;8.72398603597642e-01;3.33645440608030e-01
5.75000000000000e+03;8.72785636027551e-01;3.33212949285490e-01
5.76000000000000e+03;8.73170995295911e-01;3.32781321996682e-01
5.77000000000000e+03;8.73554690495063e-01;3.32350557708480e-01
5.78000000000000e+03;8.73936730659984e-01;3.31920655373122e-01
5.79000000000000e+03;8.74317124768678e-01;3.31491613928482e-01
5.80000000000000e+03;8.74695881742567e-01;3.31063432298344e-01
5.81000000000000e+03;8.75073010446874e-01;3.30636109392666e-01
5.82000000000000e+03;8.75448519691007e-01;3.30209644107848e-01
5.83000000000000e+03;8.75822418228942e-01;3.29784035326985e-01
5.84000000000000e+03;8.76194714759599e-01;3.29359281920131e-01
5.85000000000000e+03;8.76565417927218e-01;3.28935382744544e-01
5.86000000000000e+03;8.76934536321734e-01;3.28512336644941e-01
5.87000000000000e+03;8.77302078479148e-01;3.28090142453740e-01
5.88000000000000e+03;8.77668052881890e-01;3.27668798991301e-01
5.89000000000000e+03;8.78032467959193e-01;3.27248305066171e-01
5.90000000000000e+03;8.78395332087449e-01;3.26828659475311e-01
5.91000000000000e+03;8.78756653590575e-01;3.26409861004335e-01
5.92000000000000e+03;8.79116440740368e-01;3.25991908427733e-01
5.93000000000000e+03;8.79474701756862e-01;3.25574800509100e-01
5.94000000000000e+03;8.79831444808683e-01;3.25158536001361e-01
5.95000000000000e+03;8.80186678013398e-01;3.24743113646982e-01
5.96000000000000e+03;8.80540409437865e-01;3.24328532178194e-01
5.97000000000000e+03;8.80892647098579e-01;3.23914790317203e-01
5.98000000000000e+03;8.81243398962015e-01;3.23501886776399e-01
5.99000000000000e+03;8.81592672944971e-01;3.23089820258566e-01
6.00000000000000e+03;8.81940476914908e-01;3.22678589457083e-01
6.01000000000000e+03;8.82286818690284e-01;3.22268193056128e-01
6.02000000000000e+03;8.82631706040891e-01;3.21858629730875e-01
6.03000000000000e+03;8.82975146688188e-01;3.21449898147690e-01
6.04000000000000e+03;8.83317148305628e-01;3.21041996964324e-01
6.05000000000000e+03;8.83657718518988e-01;3.20634924830102e-01
6.06000000000000e+03;8.83996864906693e-01;3.20228680386113e-01
6.07000000000000e+03;8.84334595000142e-01;3.19823262265391e-01
6.08000000000000e+03;8.84670916284026e-01;3.19418669093101e-01
6.09000000000000e+03;8.85005836196648e-01;3.19014899486717e-01
6.10000000000000e+03;8.85339362130239e-01;3.18611952056197e-01
6.11000000000000e+03;8.85671501431275e-01;3.18209825404161e-01
6.12000000000000e+03;8.86002261400783e-01;3.17808518126059e-01
6.13000000000000e+03;8.86331649294659e-01;3.17408028810344e-01
6.14000000000000e+03;8.86659672323970e-01;3.17008356038639e-01
6.15000000000000e+03;8.86986337655260e-01;3.16609498385896e-01
6.16000000000000e+03;8.87311652410858e-01;3.16211454420568e-01
6.17000000000000e+03;8.87635623669173e-01;3.15814222704759e-01
6.18000000000000e+03;8.87958258465001e-01;3.15417801794388e-01
6.19000000000000e+03;8.88279563789813e-01;3.15022190239343e-01
6.20000000000000e+03;8.88599546592058e-01;3.14627386583633e-01
6.21000000000000e+03;8.88918213777454e-01;3.14233389365539e-01
6.22000000000000e+03;8.89235572209276e-01;3.13840197117765e-01
6.23000000000000e+03;8.89551628708647e-01;3.13447808367582e-01
6.24000000000000e+03;8.89866390054827e-01;3.13056221636973e-01
6.25000000000000e+03;8.90179862985495e-01;3.12665435442775e-01
6.26000000000000e+03;8.90492054197032e-01;3.12275448296824e-01
6.27000000000000e+03;8.90802970344803e-01;3.11886258706085e-01
6.28000000000000e+03;8.91112618043437e-01;3.11497865172794e-01
6.29000000000000e+03;8.91421003867102e-01;3.11110266194592e-01
6.30000000000000e+03;8.91728134349780e-01;3.10723460264655e-01
6.31000000000000e+03;8.92034015985541e-01;3.10337445871826e-01
6.32000000000000e+03;8.92338655228814e-01;3.09952221500743e-01
6.33000000000000e+03;8.92642058494657e-01;3.09567785631965e-01
6.34000000000000e+03;8.92944232159022e-01;3.09184136742098e-01
6.35000000000000e+03;8.93245182559023e-01;3.08801273303917e-01
6.36000000000000e+03;8.93544915993197e-01;3.08419193786488e-01
6.37000000000000e+03;8.93843438721769e-01;3.08037896655285e-01
6.38000000000000e+03;8.94140756966908e-01;3.07657380372311e-01
6.39000000000000e+03;8.94436876912988e-01;3.07277643396210e-01
6.40000000000000e+03;8.94731804706843e-01;3.06898684182384e-01
6.41000000000000e+03;8.95025546458021e-01;3.06520501183106e-01
6.42000000000000e+03;8.95318108239036e-01;3.06143092847625e-01
6.43000000000000e+03;8.95609496085622e-01;3.05766457622284e-01
6.44000000000000e+03;8.95899715996978e-01;3.05390593950619e-01
6.45000000000000e+03;8.96188773936016e-01;3.05015500273472e-01
6.46000000000000e+03;8.96476675829609e-01;3.04641175029087e-01
6.47000000000000e+03;8.96763427568832e-01;3.04267616653223e-01
6.48000000000000e+03;8.97049035009203e-01;3.03894823579245e-01
6.49000000000000e+03;8.97333503970928e-01;3.03522794238232e-01
6.50000000000000e+03;8.97616840239136e-01;3.03151527059070e-01
6.51000000000000e+03;8.97899049564113e-01;3.02781020468549e-01
6.52000000000000e+03;8.98180137661544e-01;3.02411272891461e-01
6.53000000000000e+03;8.98460110212742e-01;3.02042282750693e-01
6.54000000000000e+03;8.98738972864879e-01;3.01674048467317e-01
6.55000000000000e+03;8.99016731231220e-01;3.01306568460683e-01
6.56000000000000e+03;8.99293390891348e-01;3.00939841148507e-01
6.57000000000000e+03;8.99568957391392e-01;3.00573864946964e-01
6.58000000000000e+03;8.99843436244252e-01;3.00208638270767e-01
6.59000000000000e+03;9.00116832929824e-01;2.99844159533260e-01
6.60000000000000e+03;9.00389152895220e-01;2.99480427146497e-01
6.61000000000000e+03;9.00660401554989e-01;2.99117439521327e-01
6.62000000000000e+03;9.00930584291338e-01;2.98755195067477e-01
6.63000000000000e+03;9.01199706454344e-01;2.98393692193632e-01
6.64000000000000e+03;9.01467773362178e-01;2.98032929307509e-01
6.65000000000000e+03;9.01734790301310e-01;2.97672904815944e-01
6.66000000000000e+03;9.02000762526729e-01;2.97313617124962e-01
6.67000000000000e+03;9.02265695262150e-01;2.96955064639853e-01
6.68000000000000e+03;9.02529593700224e-01;2.96597245765250e-01
6.69000000000000e+03;9.02792463002750e-01;2.96240158905200e-01
6.70000000000000e+03;9.03054308300875e-01;2.95883802463236e-01
6.71000000000000e+03;9.03315134695305e-01;2.95528174842446e-01
6.72000000000000e+03;9.03574947256507e-01;2.95173274445549e-01
6.73000000000000e+03;9.03833751024908e-01;2.94819099674957e-01
6.74000000000000e+03;9.04091551011102e-01;2.94465648932846e-01
6.75000000000000e+03;9.04348352196042e-01;2.94112920621222e-01
6.76000000000000e+03;9.04604159531247e-01;2.93760913141986e-01
6.77000000000000e+03;9.04858977938988e-01;2.93409624897000e-01
6.78000000000000e+03;9.05112812312491e-01;2.93059054288149e-01
6.79000000000000e+03;9.05365667516129e-01;2.92709199717405e-01
6.80000000000000e+03;9.05617548385611e-01;2.92360059586884e-01
6.81000000000000e+03;9.05868459728179e-01;2.92011632298914e-01
6.82000000000000e+03;9.06118406322789e-01;2.91663916256087e-01
6.83000000000000e+03;9.06367392920309e-01;2.91316909861325e-01
6.84000000000000e+03;9.06615424243699e-01;2.90970611517928e-01
6.85000000000000e+03;9.06862504988198e-01;2.90625019629640e-01
6.86000000000000e+03;9.07108639821509e-01;2.90280132600701e-01
6.87000000000000e+03;9.07353833383983e-01;2.89935948835900e-01
6.88000000000000e+03;9.07598090288800e-01;2.89592466740631e-01
6.89000000000000e+03;9.07841415122144e-01;2.89249684720946e-01
6.90000000000000e+03;9.08083812443392e-01;2.88907601183607e-01
6.91000000000000e+03;9.08325286785283e-01;2.88566214536137e-01
6.92000000000000e+03;9.08565842654100e-01;2.88225523186871e-01
6.93000000000000e+03;9.08805484529839e-01;2.87885525545005e-01
6.94000000000000e+03;9.09044216866391e-01;2.87546220020644e-01
6.95000000000000e+03;9.09282044091709e-01;2.87207605024854e-01
6.96000000000000e+03;9.09518970607980e-01;2.86869678969703e-01
6.97000000000000e+03;9.09755000791797e-01;2.86532440268314e-01
6.98000000000000e+03;9.09990138994326e-01;2.86195887334904e-01
6.99000000000000e+03;9.10224389541478e-01;2.85860018584834e-01
7.00000000000000e+03;9.10457756734069e-01;2.85524832434651e-01
7.01000000000000e+03;9.10690244847991e-01;2.85190327302132e-01
7.02000000000000e+03;9.10921858134372e-01;2.84856501606326e-01
7.03000000000000e+03;9.11152600819744e-01;2.84523353767595e-01
7.04000000000000e+03;9.11382477106201e-01;2.84190882207657e-01
7.05000000000000e+03;9.11611491171559e-01;2.83859085349625e-01
7.06000000000000e+03;9.11839647169519e-01;2.83527961618050e-01
7.07000000000000e+03;9.12066949229824e-01;2.83197509438953e-01
7.08000000000000e+03;9.12293401458415e-01;2.82867727239871e-01
7.09000000000000e+03;9.12519007937590e-01;2.82538613449890e-01
7.10000000000000e+03;9.12743772726155e-01;2.82210166499685e-01
7.11000000000000e+03;9.12967699859582e-01;2.81882384821554e-01
7.12000000000000e+03;9.13190793350159e-01;2.81555266849452e-01
7.13000000000000e+03;9.13413057187144e-01;2.81228811019034e-01
7.14000000000000e+03;9.13634495336914e-01;2.80903015767679e-01
7.15000000000000e+03;9.13855111743114e-01;2.80577879534532e-01
7.16000000000000e+03;9.14074910326810e-01;2.80253400760533e-01
7.17000000000000e+03;9.14293894986631e-01;2.79929577888452e-01
7.18000000000000e+03;9.14512069598916e-01;2.79606409362918e-01
7.19000000000000e+03;9.14729438017864e-01;2.79283893630453e-01
7.20000000000000e+03;9.14946004075675e-01;2.78962029139504e-01
7.21000000000000e+03;9.15161771582693e-01;2.78640814340469e-01
7.22000000000000e+03;9.15376744327549e-01;2.78320247685730e-01
7.23000000000000e+03;9.15590926077302e-01;2.78000327629682e-01
7.24000000000000e+03;9.15804320577580e-01;2.77681052628761e-01
7.25000000000000e+03;9.16016931552721e-01;2.77362421141471e-01
7.26000000000000e+03;9.16228762705905e-01;2.77044431628415e-01
7.27000000000000e+03;9.16439817719300e-01;2.76727082552316e-01
7.28000000000000e+03;9.16650100254190e-01;2.76410372378052e-01
7.29000000000000e+03;9.16859613951118e-01;2.76094299572673e-01
7.30000000000000e+03;9.17068362430013e-01;2.75778862605435e-01
7.31000000000000e+03;9.17276349290330e-01;2.75464059947816e-01
7.32000000000000e+03;9.17483578111179e-01;2.75149890073550e-01
7.33000000000000e+03;9.17690052451457e-01;2.74836351458644e-01
7.34000000000000e+03;9.17895775849977e-01;2.74523442581404e-01
7.35000000000000e+03;9.18100751825604e-01;2.74211161922459e-01
7.36000000000000e+03;9.18304983877374e-01;2.73899507964781e-01
7.37000000000000e+03;9.18508475484633e-01;2.73588479193712e-01
7.38000000000000e+03;9.18711230107153e-01;2.73278074096980e-01
7.39000000000000e+03;9.18913251185267e-01;2.72968291164723e-01
7.40000000000000e+03;9.19114542139989e-01;2.72659128889512e-01
7.41000000000000e+03;9.19315106373139e-01;2.72350585766367e-01
7.42000000000000e+03;9.19514947267469e-01;2.72042660292780e-01
7.43000000000000e+03;9.19714068186782e-01;2.71735350968734e-01
7.44000000000000e+03;9.19912472476058e-01;2.71428656296722e-01
7.45000000000000e+03;9.20110163461569e-01;2.71122574781765e-01
7.46000000000000e+03;9.20307144451005e-01;2.70817104931431e-01
7.47000000000000e+03;9.20503418733589e-01;2.70512245255855e-01
7.48000000000000e+03;9.20698989580197e-01;2.70207994267752e-01
7.49000000000000e+03;9.20893860243474e-01;2.69904350482438e-01
7.50000000000000e+03;9.21088033957954e-01;2.69601312417846e-01
7.51000000000000e+03;9.21281513940171e-01;2.69298878594542e-01
7.52000000000000e+03;9.21474303388778e-01;2.68997047535739e-01
7.53000000000000e+03;9.21666405484659e-01;2.68695817767317e-01
7.54000000000000e+03;9.21857823391043e-01;2.68395187817836e-01
7.55000000000000e+03;9.22048560253618e-01;2.68095156218550e-01
7.56000000000000e+03;9.22238619200638e-01;2.67795721503422e-01
7.57000000000000e+03;9.22428003343041e-01;2.67496882209142e-01
7.58000000000000e+03;9.22616715774554e-01;2.67198636875135e-01
7.59000000000000e+03;9.22804759571802e-01;2.66900984043579e-01
7.60000000000000e+03;9.22992137794422e-01;2.66603922259416e-01
7.61000000000000e+03;9.23178853485166e-01;2.66307450070366e-01
7.62000000000000e+03;9.23364909670009e-01;2.66011566026941e-01
7.63000000000000e+03;9.23550309358257e-01;2.65716268682452e-01
7.64000000000000e+03;9.23735055542650e-01;2.65421556593030e-01
7.65000000000000e+03;9.23919151199472e-01;2.65127428317628e-01
7.66000000000000e+03;9.24102599288649e-01;2.64833882418038e-01
7.67000000000000e+03;9.24285402753856e-01;2.64540917458903e-01
7.68000000000000e+03;9.24467564522618e-01;2.64248532007723e-01
7.69000000000000e+03;9.24649087506415e-01;2.63956724634871e-01
7.70000000000000e+03;9.24829974600779e-01;2.63665493913598e-01
7.71000000000000e+03;9.25010228685398e-01;2.63374838420047e-01
7.72000000000000e+03;9.25189852624214e-01;2.63084756733260e-01
7.73000000000000e+03;9.25368849265525e-01;2.62795247435192e-01
7.74000000000000e+03;9.25547221442077e-01;2.62506309110711e-01
7.75000000000000e+03;9.25724971971169e-01;2.62217940347618e-01
7.76000000000000e+03;9.25902103654749e-01;2.61930139736647e-01
7.77000000000000e+03;9.26078619279504e-01;2.61642905871478e-01
7.78000000000000e+03;9.26254521616965e-01;2.61356237348743e-01
7.79000000000000e+03;9.26429813423593e-01;2.61070132768035e-01
7.80000000000000e+03;9.26604497440882e-01;2.60784590731915e-01
7.81000000000000e+03;9.26778576395447e-01;2.60499609845918e-01
7.82000000000000e+03;9.26952052999118e-01;2.60215188718565e-01
7.83000000000000e+03;9.27124929949035e-01;2.59931325961362e-01
7.84000000000000e+03;9.27297209927737e-01;2.59648020188815e-01
7.85000000000000e+03;9.27468895603255e-01;2.59365270018430e-01
7.86000000000000e+03;9.27639989629202e-01;2.59083074070724e-01
7.87000000000000e+03;9.27810494644861e-01;2.58801430969226e-01
7.88000000000000e+03;9.27980413275280e-01;2.58520339340488e-01
7.89000000000000e+03;9.28149748131352e-01;2.58239797814086e-01
7.90000000000000e+03;9.28318501809912e-01;2.57959805022628e-01
7.91000000000000e+03;9.28486676893819e-01;2.57680359601759e-01
7.92000000000000e+03;9.28654275952044e-01;2.57401460190165e-01
7.93000000000000e+03;9.28821301539756e-01;2.57123105429578e-01
7.94000000000000e+03;9.28987756198410e-01;2.56845293964780e-01
7.95000000000000e+03;9.29153642455827e-01;2.56568024443608e-01
7.96000000000000e+03;9.29318962826287e-01;2.56291295516959e-01
7.97000000000000e+03;9.29483719810603e-01;2.56015105838792e-01
7.98000000000000e+03;9.29647915896210e-01;2.55739454066132e-01
7.99000000000000e+03;9.29811553557249e-01;2.55464338859075e-01
8.00000000000000e+03;9.29974635254643e-01;2.55189758880791e-01
8.01000000000000e+03;9.30137163436187e-01;2.54915712797526e-01
8.02000000000000e+03;9.30299140536621e-01;2.54642199278605e-01
8.03000000000000e+03;9.30460568977716e-01;2.54369216996437e-01
8.04000000000000e+03;9.30621451168352e-01;2.54096764626516e-01
8.05000000000000e+03;9.30781789504595e-01;2.53824840847421e-01
8.06000000000000e+03;9.30941586369782e-01;2.53553444340825e-01
8.07000000000000e+03;9.31100844134592e-01;2.53282573791491e-01
8.08000000000000e+03;9.31259565157130e-01;2.53012227887276e-01
8.09000000000000e+03;9.31417751783001e-01;2.52742405319133e-01
8.10000000000000e+03;9.31575406345386e-01;2.52473104781114e-01
8.11000000000000e+03;9.31732531165120e-01;2.52204324970368e-01
8.12000000000000e+03;9.31889128550767e-01;2.51936064587147e-01
8.13000000000000e+03;9.32045200798697e-01;2.51668322334802e-01
8.14000000000000e+03;9.32200750193156e-01;2.51401096919790e-01
8.15000000000000e+03;9.32355779006344e-01;2.51134387051668e-01
8.16000000000000e+03;9.32510289498490e-01;2.50868191443102e-01
8.17000000000000e+03;9.32664283917918e-01;2.50602508809859e-01
8.18000000000000e+03;9.32817764501128e-01;2.50337337870814e-01
8.19000000000000e+03;9.32970733472864e-01;2.50072677347947e-01
8.20000000000000e+03;9.33123193046183e-01;2.49808525966346e-01
8.21000000000000e+03;9.33275145422533e-01;2.49544882454204e-01
8.22000000000000e+03;9.33426592791818e-01;2.49281745542820e-01
8.23000000000000e+03;9.33577537332470e-01;2.49019113966600e-01
8.24000000000000e+03;9.33727981211518e-01;2.48756986463056e-01
8.25000000000000e+03;9.33877926584659e-01;2.48495361772804e-01
8.26000000000000e+03;9.34027375596326e-01;2.48234238639568e-01
8.27000000000000e+03;9.34176330379753e-01;2.47973615810174e-01
8.28000000000000e+03;9.34324793057048e-01;2.47713492034552e-01
8.29000000000000e+03;9.34472765739260e-01;2.47453866065734e-01
8.30000000000000e+03;9.34620250526439e-01;2.47194736659856e-01
8.31000000000000e+03;9.34767249507711e-01;2.46936102576152e-01
8.32000000000000e+03;9.34913764761339e-01;2.46677962576957e-01
8.33000000000000e+03;9.35059798354791e-01;2.46420315427703e-01
8.34000000000000e+03;9.35205352344802e-01;2.46163159896920e-01
8.35000000000000e+03;9.35350428777443e-01;2.45906494756232e-01
8.36000000000000e+03;9.35495029688181e-01;2.45650318780355e-01
8.37000000000000e+03;9.35639157101946e-01;2.45394630747100e-01
8.38000000000000e+03;9.35782813033193e-01;2.45139429437366e-01
8.39000000000000e+03;9.35925999485963e-01;2.44884713635138e-01
8.40000000000000e+03;9.36068718453951e-01;2.44630482127491e-01
8.41000000000000e+03;9.36210971920562e-01;2.44376733704580e-01
8.42000000000000e+03;9.36352761858974e-01;2.44123467159643e-01
8.43000000000000e+03;9.36494090232205e-01;2.43870681288997e-01
8.44000000000000e+03;9.36634958993165e-01;2.43618374892036e-01
8.45000000000000e+03;9.36775370084724e-01;2.43366546771228e-01
8.46000000000000e+03;9.36915325439766e-01;2.43115195732112e-01
8.47000000000000e+03;9.37054826981254e-01;2.42864320583296e-01
8.48000000000000e+03;9.37193876622285e-01;2.42613920136455e-01
8.49000000000000e+03;9.37332476266151e-01;2.42363993206327e-01
8.50000000000000e+03;9.37470627806396e-01;2.42114538610711e-01
8.51000000000000e+03;9.37608333126878e-01;2.41865555170461e-01
8.52000000000000e+03;9.37745594101820e-01;2.41617041709488e-01
8.53000000000000e+03;9.37882412595873e-01;2.41368997054753e-01
8.54000000000000e+03;9.38018790464170e-01;2.41121420036265e-01
8.55000000000000e+03;9.38154729552385e-01;2.40874309487078e-01
8.56000000000000e+03;9.38290231696784e-01;2.40627664243285e-01
8.57000000000000e+03;9.38425298724288e-01;2.40381483144021e-01
8.58000000000000e+03;9.38559932452521e-01;2.40135765031451e-01
8.59000000000000e+03;9.38694134689872e-01;2.39890508750773e-01
8.60000000000000e+03;9.38827907235544e-01;2.39645713150210e-01
8.61000000000000e+03;9.38961251879611e-01;2.39401377081011e-01
8.62000000000000e+03;9.39094170403072e-01;2.39157499397442e-01
8.63000000000000e+03;9.39226664577904e-01;2.38914078956786e-01
8.64000000000000e+03;9.39358736167115e-01;2.38671114619336e-01
8.65000000000000e+03;9.39490386924795e-01;2.38428605248393e-01
8.66000000000000e+03;9.39621618596174e-01;2.38186549710263e-01
8.67000000000000e+03;9.39752432917670e-01;2.37944946874251e-01
8.68000000000000e+03;9.39882831616940e-01;2.37703795612655e-01
8.69000000000000e+03;9.40012816412934e-01;2.37463094800766e-01
8.70000000000000e+03;9.40142389015945e-01;2.37222843316863e-01
8.71000000000000e+03;9.40271551127659e-01;2.36983040042204e-01
8.72000000000000e+03;9.40400304441209e-01;2.36743683861028e-01
8.73000000000000e+03;9.40528650641220e-01;2.36504773660545e-01
8.74000000000000e+03;9.40656591403863e-01;2.36266308330937e-01
8.75000000000000e+03;9.40784128396900e-01;2.36028286765347e-01
8.76000000000000e+03;9.40911263279740e-01;2.35790707859881e-01
8.77000000000000e+03;9.41037997703481e-01;2.35553570513598e-01
8.78000000000000e+03;9.41164333310960e-01;2.35316873628509e-01
8.79000000000000e+03;9.41290271736807e-01;2.35080616109570e-01
8.80000000000000e+03;9.41415814607484e-01;2.34844796864678e-01
8.81000000000000e+03;9.41540963541337e-01;2.34609414804665e-01
8.82000000000000e+03;9.41665720148646e-01;2.34374468843297e-01
8.83000000000000e+03;9.41790086031667e-01;2.34139957897264e-01
8.84000000000000e+03;9.41914062784679e-01;2.33905880886178e-01
8.85000000000000e+03;9.42037651994034e-01;2.33672236732567e-01
8.86000000000000e+03;9.42160855238202e-01;2.33439024361870e-01
8.87000000000000e+03;9.42283674087811e-01;2.33206242702434e-01
8.88000000000000e+03;9.42406110105702e-01;2.32973890685504e-01
8.89000000000000e+03;9.42528164846966e-01;2.32741967245223e-01
8.90000000000000e+03;9.42649839858992e-01;2.32510471318624e-01
8.91000000000000e+03;9.42771136681513e-01;2.32279401845625e-01
8.92000000000000e+03;9.42892056846646e-01;2.32048757769024e-01
8.93000000000000e+03;9.43012601878941e-01;2.31818538034495e-01
8.94000000000000e+03;9.43132773295422e-01;2.31588741590580e-01
8.95000000000000e+03;9.43252572605628e-01;2.31359367388684e-01
8.96000000000000e+03;9.43372001311662e-01;2.31130414383074e-01
8.97000000000000e+03;9.43491060908228e-01;2.30901881530867e-01
8.98000000000000e+03;9.43609752882677e-01;2.30673767792028e-01
8.99000000000000e+03;9.43728078715048e-01;2.30446072129365e-01
9.00000000000000e+03;9.43846039878109e-01;2.30218793508523e-01
9.01000000000000e+03;9.43963637837403e-01;2.29991930897976e-01
9.02000000000000e+03;9.44080874051283e-01;2.29765483269025e-01
9.03000000000000e+03;9.44197749970958e-01;2.29539449595789e-01
9.04000000000000e+03;9.44314267040533e-01;2.29313828855204e-01
9.05000000000000e+03;9.44430426697047e-01;2.29088620027012e-01
9.06000000000000e+03;9.44546230370518e-01;2.28863822093757e-01
9.07000000000000e+03;9.44661679483977e-01;2.28639434040781e-01
9.08000000000000e+03;9.44776775453515e-01;2.28415454856218e-01
9.09000000000000e+03;9.44891519688317e-01;2.28191883530987e-01
9.10000000000000e+03;9.45005913590704e-01;2.27968719058784e-01
9.11000000000000e+03;9.45119958556170e-01;2.27745960436083e-01
9.12000000000000e+03;9.45233655973423e-01;2.27523606662121e-01
9.13000000000000e+03;9.45347007224424e-01;2.27301656738901e-01
9.14000000000000e+03;9.45460013684422e-01;2.27080109671179e-01
9.15000000000000e+03;9.45572676721995e-01;2.26858964466464e-01
9.16000000000000e+03;9.45684997699088e-01;2.26638220135006e-01
9.17000000000000e+03;9.45796977971049e-01;2.26417875689796e-01
9.18000000000000e+03;9.45908618886665e-01;2.26197930146556e-01
9.19000000000000e+03;9.46019921788205e-01;2.25978382523734e-01
9.20000000000000e+03;9.46130888011450e-01;2.25759231842499e-01
9.21000000000000e+03;9.46241518885733e-01;2.25540477126732e-01
9.22000000000000e+03;9.46351815733976e-01;2.25322117403026e-01
9.23000000000000e+03;9.46461779872724e-01;2.25104151700672e-01
9.24000000000000e+03;9.46571412612184e-01;2.24886579051660e-01
9.25000000000000e+03;9.46680715256257e-01;2.24669398490668e-01
9.26000000000000e+03;9.46789689102576e-01;2.24452609055059e-01
9.27000000000000e+03;9.46898335442542e-01;2.24236209784872e-01
9.28000000000000e+03;9.47006655561355e-01;2.24020199722820e-01
9.29000000000000e+03;9.47114650738053e-01;2.23804577914280e-01
9.30000000000000e+03;9.47222322245546e-01;2.23589343407286e-01
9.31000000000000e+03;9.47329671350647e-01;2.23374495252530e-01
9.32000000000000e+03;9.47436699314111e-01;2.23160032503345e-01
9.33000000000000e+03;9.47543407390665e-01;2.22945954215710e-01
9.34000000000000e+03;9.47649796829043e-01;2.22732259448235e-01
9.35000000000000e+03;9.47755868872023e-01;2.22518947262160e-01
9.36000000000000e+03;9.47861624756452e-01;2.22306016721345e-01
9.37000000000000e+03;9.47967065713288e-01;2.22093466892267e-01
9.38000000000000e+03;9.48072192967628e-01;2.21881296844013e-01
9.39000000000000e+03;9.48177007738740e-01;2.21669505648273e-01
9.40000000000000e+03;9.48281511240099e-01;2.21458092379332e-01
9.41000000000000e+03;9.48385704679419e-01;2.21247056114068e-01
9.42000000000000e+03;9.48489589258678e-01;2.21036395931942e-01
9.43000000000000e+03;9.48593166174161e-01;2.20826110914995e-01
9.44000000000000e+03;9.48696436616483e-01;2.20616200147838e-01
9.45000000000000e+03;9.48799401770623e-01;2.20406662717647e-01
9.46000000000000e+03;9.48902062815959e-01;2.20197497714159e-01
9.47000000000000e+03;9.49004420926291e-01;2.19988704229663e-01
9.48000000000000e+03;9.49106477269880e-01;2.19780281358995e-01
9.49000000000000e+03;9.49208233009474e-01;2.19572228199530e-01
9.50000000000000e+03;9.49309689302339e-01;2.19364543851178e-01
9.51000000000000e+03;9.49410847300292e-01;2.19157227416376e-01
9.52000000000000e+03;9.49511708149728e-01;2.18950278000084e-01
9.53000000000000e+03;9.49612272991649e-01;2.18743694709775e-01
9.54000000000000e+03;9.49712542961698e-01;2.18537476655430e-01
9.55000000000000e+03;9.49812519190187e-01;2.18331622949535e-01
9.56000000000000e+03;9.49912202802123e-01;2.18126132707068e-01
9.57000000000000e+03;9.50011594917241e-01;2.17921005045500e-01
9.58000000000000e+03;9.50110696650032e-01;2.17716239084784e-01
9.59000000000000e+03;9.50209509109771e-01;2.17511833947349e-01
9.60000000000000e+03;9.50308033400545e-01;2.17307788758096e-01
9.61000000000000e+03;9.50406270621286e-01;2.17104102644388e-01
9.62000000000000e+03;9.50504221865792e-01;2.16900774736047e-01
9.63000000000000e+03;9.50601888222760e-01;2.16697804165348e-01
9.64000000000000e+03;9.50699270775814e-01;2.16495190067007e-01
9.65000000000000e+03;9.50796370603531e-01;2.16292931578182e-01
9.66000000000000e+03;9.50893188779468e-01;2.16091027838462e-01
9.67000000000000e+03;9.50989726372192e-01;2.15889477989863e-01
9.68000000000000e+03;9.51085984445304e-01;2.15688281176819e-01
9.69000000000000e+03;9.51181964057471e-01;2.15487436546178e-01
9.70000000000000e+03;9.51277666262445e-01;2.15286943247196e-01
9.71000000000000e+03;9.51373092109098e-01;2.15086800431527e-01
9.72000000000000e+03;9.51468242641445e-01;2.14887007253221e-01
9.73000000000000e+03;9.51563118898667e-01;2.14687562868716e-01
9.74000000000000e+03;9.51657721915143e-01;2.14488466436830e-01
9.75000000000000e+03;9.51752052720475e-01;2.14289717118758e-01
9.76000000000000e+03;9.51846112339510e-01;2.14091314078062e-01
9.77000000000000e+03;9.51939901792368e-01;2.13893256480667e-01
9.78000000000000e+03;9.52033422094471e-01;2.13695543494856e-01
9.79000000000000e+03;9.52126674256562e-01;2.13498174291259e-01
9.80000000000000e+03;9.52219659284735e-01;2.13301148042851e-01
9.81000000000000e+03;9.52312378180459e-01;2.13104463924944e-01
9.82000000000000e+03;9.52404831940601e-01;2.12908121115180e-01
9.83000000000000e+03;9.52497021557456e-01;2.12712118793527e-01
9.84000000000000e+03;9.52588948018763e-01;2.12516456142269e-01
9.85000000000000e+03;9.52680612307740e-01;2.12321132346004e-01
9.86000000000000e+03;9.52772015403099e-01;2.12126146591635e-01
9.87000000000000e+03;9.52863158279075e-01;2.11931498068364e-01
9.88000000000000e+03;9.52954041905451e-01;2.11737185967686e-01
9.89000000000000e+03;9.53044667247579e-01;2.11543209483383e-01
9.90000000000000e+03;9.53135035266404e-01;2.11349567811517e-01
9.91000000000000e+03;9.53225146918490e-01;2.11156260150424e-01
9.92000000000000e+03;9.53315003156040e-01;2.10963285700709e-01
9.93000000000000e+03;9.53404604926926e-01;2.10770643665237e-01
9.94000000000000e+03;9.53493953174701e-01;2.10578333249131e-01
9.95000000000000e+03;9.53583048838634e-01;2.10386353659759e-01
9.96000000000000e+03;9.53671892853725e-01;2.10194704106737e-01
9.97000000000000e+03;9.53760486150730e-01;2.10003383801913e-01
9.98000000000000e+03;9.53848829656184e-01;2.09812391959368e-01
9.99000000000000e+03;9.53936924292426e-01;2.09621727795407e-01
1.00000000000000e+04;9.54024770977616e-01;2.09431390528553e-01
