Freq.;Real;Imaginaria
1.00000000000000e+01;1.27131141992158e-03;3.32573716195501e-02
2.00000000000000e+01;5.06769955929269e-03;6.62548626564403e-02
3.00000000000000e+01;1.13371175353083e-02;9.87384450951524e-02
4.00000000000000e+01;1.99947552211097e-02;1.30465522080647e-01
5.00000000000000e+01;3.09258157200981e-02;1.61209980331235e-01
6.00000000000000e+01;4.39891640161466e-02;1.90766505088177e-01
7.00000000000000e+01;5.90216371201710e-02;2.18954001616639e-01
8.00000000000000e+01;7.58427801077460e-02;2.45618030766158e-01
9.00000000000000e+01;9.42597672442823e-02;2.70632231168292e-01
1.00000000000000e+02;1.14072280390006e-01;2.93898761165707e-01
1.10000000000000e+02;1.35077144721204e-01;3.15347844641454e-01
1.20000000000000e+02;1.57072560024976e-01;3.34936543355355e-01
1.30000000000000e+02;1.79861809565912e-01;3.52646902827370e-01
1.40000000000000e+02;2.03256373207817e-01;3.68483629534530e-01
1.50000000000000e+02;2.27078413295759e-01;3.82471455813664e-01
1.60000000000000e+02;2.51162638007447e-01;3.94652337836645e-01
1.70000000000000e+02;2.75357575836020e-01;4.05082614175255e-01
1.80000000000000e+02;2.99526315970962e-01;4.13830230604375e-01
1.90000000000000e+02;3.23546782839998e-01;4.20972113394918e-01
2.00000000000000e+02;3.47311619796010e-01;4.26591750423552e-01
2.10000000000000e+02;3.70727758061336e-01;4.30777018420526e-01
2.20000000000000e+02;3.93715743895790e-01;4.33618276496890e-01
2.30000000000000e+02;4.16208890826293e-01;4.35206731176897e-01
2.40000000000000e+02;4.38152315821309e-01;4.35633066580348e-01
2.50000000000000e+02;4.59501909472675e-01;4.34986324959565e-01
2.60000000000000e+02;4.80223281304185e-01;4.33353017137155e-01
2.70000000000000e+02;5.00290712793859e-01;4.30816439070018e-01
2.80000000000000e+02;5.19686142922787e-01;4.27456169315819e-01
2.90000000000000e+02;5.38398204242756e-01;4.23347722154474e-01
3.00000000000000e+02;5.56421321664502e-01;4.18562332120237e-01
3.10000000000000e+02;5.73754881400450e-01;4.13166847390793e-01
3.20000000000000e+02;5.90402473685697e-01;4.07223711583615e-01
3.30000000000000e+02;6.06371209950494e-01;4.00791015813259e-01
3.40000000000000e+02;6.21671112912262e-01;3.93922605207577e-01
3.50000000000000e+02;6.36314576477117e-01;3.86668226354312e-01
3.60000000000000e+02;6.50315891276652e-01;3.79073704278300e-01
3.70000000000000e+02;6.63690831011703e-01;3.71181139489648e-01
3.80000000000000e+02;6.76456294439970e-01;3.63029117373113e-01
3.90000000000000e+02;6.88629997750780e-01;3.54652923703333e-01
4.00000000000000e+02;7.00230212153374e-01;3.46084761375264e-01
4.10000000000000e+02;7.11275541712264e-01;3.37353964547362e-01
4.20000000000000e+02;7.21784736752678e-01;3.28487207323937e-01
4.30000000000000e+02;7.31776538498471e-01;3.19508704871988e-01
4.40000000000000e+02;7.41269550969465e-01;3.10440405496479e-01
4.50000000000000e+02;7.50282136536695e-01;3.01302172705513e-01
4.60000000000000e+02;7.58832331899556e-01;2.92111956701158e-01
4.70000000000000e+02;7.66937781599201e-01;2.82885955049042e-01
4.80000000000000e+02;7.74615686512079e-01;2.73638762524723e-01
4.90000000000000e+02;7.81882765072620e-01;2.64383510320068e-01
5.00000000000000e+02;7.88755225253286e-01;2.55131994929280e-01
5.10000000000000e+02;7.95248745583036e-01;2.45894797131249e-01
5.20000000000000e+02;8.01378463712333e-01;2.36681391550417e-01
5.30000000000000e+02;8.07158971235299e-01;2.27500247318962e-01
5.40000000000000e+02;8.12604313658993e-01;2.18358920384265e-01
5.50000000000000e+02;8.17727994567967e-01;2.09264138011836e-01
5.60000000000000e+02;8.22542983170893e-01;2.00221876028800e-01
5.70000000000000e+02;8.27061724537252e-01;1.91237429339603e-01
5.80000000000000e+02;8.31296151937403e-01;1.82315476226209e-01
5.90000000000000e+02;8.35257700790833e-01;1.73460136921566e-01
6.00000000000000e+02;8.38957323806233e-01;1.64675026919004e-01
6.10000000000000e+02;8.42405506965206e-01;1.55963305452637e-01
6.20000000000000e+02;8.45612286059746e-01;1.47327719555694e-01
6.30000000000000e+02;8.48587263543743e-01;1.38770644075579e-01
6.40000000000000e+02;8.51339625501507e-01;1.30294117996947e-01
6.50000000000000e+02;8.53878158572711e-01;1.21899877397443e-01
6.60000000000000e+02;8.56211266704084e-01;1.13589385335327e-01
6.70000000000000e+02;8.58346987624382e-01;1.05363858944042e-01
6.80000000000000e+02;8.60293008961242e-01;9.72242939860691e-02
6.90000000000000e+02;8.62056683937161e-01;8.91714870971527e-02
7.00000000000000e+02;8.63645046597375e-01;8.12060559321399e-02
7.10000000000000e+02;8.65064826535469e-01;7.33284574053329e-02
7.20000000000000e+02;8.66322463093331e-01;6.55390042012417e-02
7.30000000000000e+02;8.67424119020999e-01;5.78378797159762e-02
7.40000000000000e+02;8.68375693589307e-01;5.02251515751260e-02
7.50000000000000e+02;8.69182835154204e-01;4.27007838607778e-02
7.60000000000000e+02;8.69850953176467e-01;3.52646481682305e-02
7.70000000000000e+02;8.70385229704413e-01;2.79165336019276e-02
7.80000000000000e+02;8.70790630330264e-01;2.06561558100459e-02
7.90000000000000e+02;8.71071914633198e-01;1.34831651479907e-02
8.00000000000000e+02;8.71233646123926e-01;6.39715405267789e-03
8.10000000000000e+02;8.71280201706948e-01;-6.02336298126893e-04
8.20000000000000e+02;8.71215780677600e-01;-7.51580997406247e-03
8.30000000000000e+02;8.71044413271564e-01;-1.43438108669585e-02
8.40000000000000e+02;8.70769968784884e-01;-2.10869177968017e-02
8.50000000000000e+02;8.70396163282619e-01;-2.77457400987081e-02
8.60000000000000e+02;8.69926566914205e-01;-3.43209136454319e-02
8.70000000000000e+02;8.69364610853399e-01;-4.08130972641966e-02
8.80000000000000e+02;8.68713593880341e-01;-4.72229695105084e-02
8.90000000000000e+02;8.67976688622868e-01;-5.35512257651063e-02
9.00000000000000e+02;8.67156947473737e-01;-5.97985756233811e-02
9.10000000000000e+02;8.66257308199885e-01;-6.59657405494762e-02
9.20000000000000e+02;8.65280599259290e-01;-7.20534517698806e-02
9.30000000000000e+02;8.64229544840404e-01;-7.80624483836997e-02
9.40000000000000e+02;8.63106769638544e-01;-8.39934756689162e-02
9.50000000000000e+02;8.61914803382996e-01;-8.98472835659018e-02
9.60000000000000e+02;8.60656085127999e-01;-9.56246253211930e-02
9.70000000000000e+02;8.59332967320171e-01;-1.01326256276139e-01
9.80000000000000e+02;8.57947719654328e-01;-1.06952932786466e-01
9.90000000000000e+02;8.56502532729112e-01;-1.12505411260123e-01
1.00000000000000e+03;8.54999521513216e-01;-1.17984447301937e-01
1.01000000000000e+03;8.53440728632523e-01;-1.23390794954706e-01
1.02000000000000e+03;8.51828127487886e-01;-1.28725206027312e-01
1.03000000000000e+03;8.50163625212799e-01;-1.33988429501318e-01
1.04000000000000e+03;8.48449065479730e-01;-1.39181211008334e-01
1.05000000000000e+03;8.46686231163386e-01;-1.44304292371137e-01
1.06000000000000e+03;8.44876846868781e-01;-1.49358411202205e-01
1.07000000000000e+03;8.43022581331505e-01;-1.54344300553914e-01
1.08000000000000e+03;8.41125049697229e-01;-1.59262688615188e-01
1.09000000000000e+03;8.39185815687055e-01;-1.64114298449892e-01
1.10000000000000e+03;8.37206393654998e-01;-1.68899847772689e-01
1.11000000000000e+03;8.35188250543498e-01;-1.73620048758495e-01
1.12000000000000e+03;8.33132807742553e-01;-1.78275607882042e-01
1.13000000000000e+03;8.31041442857754e-01;-1.82867225784364e-01
1.14000000000000e+03;8.28915491392190e-01;-1.87395597163354e-01
1.15000000000000e+03;8.26756248346926e-01;-1.91861410685790e-01
1.16000000000000e+03;8.24564969744487e-01;-1.96265348918501e-01
1.17000000000000e+03;8.22342874079534e-01;-2.00608088276536e-01
1.18000000000000e+03;8.20091143700671e-01;-2.04890298986443e-01
1.19000000000000e+03;8.17810926127118e-01;-2.09112645062916e-01
1.20000000000000e+03;8.15503335303757e-01;-2.13275784297269e-01
1.21000000000000e+03;8.13169452797861e-01;-2.17380368256306e-01
1.22000000000000e+03;8.10810328940647e-01;-2.21427042290353e-01
1.23000000000000e+03;8.08426983916591e-01;-2.25416445549287e-01
1.24000000000000e+03;8.06020408803289e-01;-2.29349211005551e-01
1.25000000000000e+03;8.03591566564502e-01;-2.33225965483226e-01
1.26000000000000e+03;8.01141392998846e-01;-2.37047329692333e-01
1.27000000000000e+03;7.98670797646479e-01;-2.40813918267630e-01
1.28000000000000e+03;7.96180664655984e-01;-2.44526339811230e-01
1.29000000000000e+03;7.93671853613535e-01;-2.48185196938449e-01
1.30000000000000e+03;7.91145200336299e-01;-2.51791086326349e-01
1.31000000000000e+03;7.88601517631956e-01;-2.55344598764514e-01
1.32000000000000e+03;7.86041596026051e-01;-2.58846319207616e-01
1.33000000000000e+03;7.83466204458864e-01;-2.62296826829424e-01
1.34000000000000e+03;7.80876090953337e-01;-2.65696695077889e-01
1.35000000000000e+03;7.78271983255545e-01;-2.69046491731048e-01
1.36000000000000e+03;7.75654589449095e-01;-2.72346778953457e-01
1.37000000000000e+03;7.73024598544768e-01;-2.75598113352951e-01
1.38000000000000e+03;7.70382681046653e-01;-2.78801046037505e-01
1.39000000000000e+03;7.67729489495935e-01;-2.81956122672052e-01
1.40000000000000e+03;7.65065658993454e-01;-2.85063883535078e-01
1.41000000000000e+03;7.62391807702077e-01;-2.88124863574885e-01
1.42000000000000e+03;7.59708537329880e-01;-2.91139592465403e-01
1.43000000000000e+03;7.57016433595061e-01;-2.94108594661453e-01
1.44000000000000e+03;7.54316066673492e-01;-2.97032389453386e-01
1.45000000000000e+03;7.51607991629715e-01;-2.99911491021027e-01
1.46000000000000e+03;7.48892748832209e-01;-3.02746408486874e-01
1.47000000000000e+03;7.46170864353642e-01;-3.05537645968506e-01
1.48000000000000e+03;7.43442850356839e-01;-3.08285702630160e-01
1.49000000000000e+03;7.40709205467128e-01;-3.10991072733466e-01
1.50000000000000e+03;7.37970415131688e-01;-3.13654245687297e-01
1.51000000000000e+03;7.35226951966522e-01;-3.16275706096748e-01
1.52000000000000e+03;7.32479276091589e-01;-3.18855933811222e-01
1.53000000000000e+03;7.29727835454674e-01;-3.21395403971619e-01
1.54000000000000e+03;7.26973066144459e-01;-3.23894587056648e-01
1.55000000000000e+03;7.24215392693318e-01;-3.26353948928250e-01
1.56000000000000e+03;7.21455228370265e-01;-3.28773950876157e-01
1.57000000000000e+03;7.18692975464497e-01;-3.31155049661584e-01
1.58000000000000e+03;7.15929025559947e-01;-3.33497697560095e-01
1.59000000000000e+03;7.13163759801229e-01;-3.35802342403629e-01
1.60000000000000e+03;7.10397549151337e-01;-3.38069427621732e-01
1.61000000000000e+03;7.07630754641469e-01;-3.40299392282001e-01
1.62000000000000e+03;7.04863727613279e-01;-3.42492671129766e-01
1.63000000000000e+03;7.02096809953897e-01;-3.44649694627034e-01
1.64000000000000e+03;6.99330334323995e-01;-3.46770888990716e-01
1.65000000000000e+03;6.96564624379199e-01;-3.48856676230162e-01
1.66000000000000e+03;6.93799994985098e-01;-3.50907474184028e-01
1.67000000000000e+03;6.91036752426125e-01;-3.52923696556499e-01
1.68000000000000e+03;6.88275194608535e-01;-3.54905752952893e-01
1.69000000000000e+03;6.85515611257719e-01;-3.56854048914666e-01
1.70000000000000e+03;6.82758284110073e-01;-3.58768985953851e-01
1.71000000000000e+03;6.80003487099622e-01;-3.60650961586947e-01
1.72000000000000e+03;6.77251486539618e-01;-3.62500369368277e-01
1.73000000000000e+03;6.74502541299262e-01;-3.64317598922853e-01
1.74000000000000e+03;6.71756902975775e-01;-3.66103035978752e-01
1.75000000000000e+03;6.69014816061951e-01;-3.67857062399043e-01
1.76000000000000e+03;6.66276518109371e-01;-3.69580056213269e-01
1.77000000000000e+03;6.63542239887437e-01;-3.71272391648510e-01
1.78000000000000e+03;6.60812205538358e-01;-3.72934439160061e-01
1.79000000000000e+03;6.58086632728236e-01;-3.74566565461717e-01
1.80000000000000e+03;6.55365732794396e-01;-3.76169133555707e-01
1.81000000000000e+03;6.52649710889065e-01;-3.77742502762282e-01
1.82000000000000e+03;6.49938766119542e-01;-3.79287028748983e-01
1.83000000000000e+03;6.47233091684962e-01;-3.80803063559589e-01
1.84000000000000e+03;6.44532875009776e-01;-3.82290955642783e-01
1.85000000000000e+03;6.41838297874035e-01;-3.83751049880533e-01
1.86000000000000e+03;6.39149536540607e-01;-3.85183687616209e-01
1.87000000000000e+03;6.36466761879388e-01;-3.86589206682452e-01
1.88000000000000e+03;6.33790139488635e-01;-3.87967941428798e-01
1.89000000000000e+03;6.31119829813482e-01;-3.89320222749082e-01
1.90000000000000e+03;6.28455988261738e-01;-3.90646378108628e-01
1.91000000000000e+03;6.25798765317042e-01;-3.91946731571225e-01
1.92000000000000e+03;6.23148306649460e-01;-3.93221603825920e-01
1.93000000000000e+03;6.20504753223585e-01;-3.94471312213622e-01
1.94000000000000e+03;6.17868241404222e-01;-3.95696170753532e-01
1.95000000000000e+03;6.15238903059728e-01;-3.96896490169401e-01
1.96000000000000e+03;6.12616865663059e-01;-3.98072577915640e-01
1.97000000000000e+03;6.10002252390600e-01;-3.99224738203266e-01
1.98000000000000e+03;6.07395182218836e-01;-4.00353272025710e-01
1.99000000000000e+03;6.04795770018915e-01;-4.01458477184487e-01
2.00000000000000e+03;6.02204126649167e-01;-4.02540648314730e-01
2.01000000000000e+03;5.99620359045630e-01;-4.03600076910598e-01
2.02000000000000e+03;5.97044570310627e-01;-4.04637051350565e-01
2.03000000000000e+03;5.94476859799461e-01;-4.05651856922585e-01
2.04000000000000e+03;5.91917323205257e-01;-4.06644775849148e-01
2.05000000000000e+03;5.89366052642007e-01;-4.07616087312228e-01
2.06000000000000e+03;5.86823136725866e-01;-4.08566067478118e-01
2.07000000000000e+03;5.84288660654730e-01;-4.09494989522168e-01
2.08000000000000e+03;5.81762706286147e-01;-4.10403123653421e-01
2.09000000000000e+03;5.79245352213600e-01;-4.11290737139148e-01
2.10000000000000e+03;5.76736673841195e-01;-4.12158094329291e-01
2.11000000000000e+03;5.74236743456799e-01;-4.13005456680810e-01
2.12000000000000e+03;5.71745630303652e-01;-4.13833082781938e-01
2.13000000000000e+03;5.69263400650509e-01;-4.14641228376345e-01
2.14000000000000e+03;5.66790117860320e-01;-4.15430146387211e-01
2.15000000000000e+03;5.64325842457501e-01;-4.16200086941209e-01
2.16000000000000e+03;5.61870632193816e-01;-4.16951297392407e-01
2.17000000000000e+03;5.59424542112908e-01;-4.17684022346070e-01
2.18000000000000e+03;5.56987624613500e-01;-4.18398503682384e-01
2.19000000000000e+03;5.54559929511309e-01;-4.19094980580088e-01
2.20000000000000e+03;5.52141504099683e-01;-4.19773689540023e-01
2.21000000000000e+03;5.49732393209006e-01;-4.20434864408583e-01
2.22000000000000e+03;5.47332639264880e-01;-4.21078736401092e-01
2.23000000000000e+03;5.44942282345128e-01;-4.21705534125085e-01
2.24000000000000e+03;5.42561360235626e-01;-4.22315483603496e-01
2.25000000000000e+03;5.40189908485002e-01;-4.22908808297766e-01
2.26000000000000e+03;5.37827960458215e-01;-4.23485729130854e-01
2.27000000000000e+03;5.35475547389044e-01;-4.24046464510160e-01
2.28000000000000e+03;5.33132698431504e-01;-4.24591230350354e-01
2.29000000000000e+03;5.30799440710222e-01;-4.25120240096113e-01
2.30000000000000e+03;5.28475799369774e-01;-4.25633704744766e-01
2.31000000000000e+03;5.26161797623025e-01;-4.26131832868837e-01
2.32000000000000e+03;5.23857456798479e-01;-4.26614830638500e-01
2.33000000000000e+03;5.21562796386665e-01;-4.27082901843936e-01
2.34000000000000e+03;5.19277834085577e-01;-4.27536247917581e-01
2.35000000000000e+03;5.17002585845175e-01;-4.27975067956287e-01
2.36000000000000e+03;5.14737065910996e-01;-4.28399558743376e-01
2.37000000000000e+03;5.12481286866855e-01;-4.28809914770589e-01
2.38000000000000e+03;5.10235259676677e-01;-4.29206328259938e-01
2.39000000000000e+03;5.07998993725479e-01;-4.29588989185446e-01
2.40000000000000e+03;5.05772496859501e-01;-4.29958085294783e-01
2.41000000000000e+03;5.03555775425518e-01;-4.30313802130798e-01
2.42000000000000e+03;5.01348834309342e-01;-4.30656323052935e-01
2.43000000000000e+03;4.99151676973534e-01;-4.30985829258548e-01
2.44000000000000e+03;4.96964305494336e-01;-4.31302499804089e-01
2.45000000000000e+03;4.94786720597841e-01;-4.31606511626203e-01
2.46000000000000e+03;4.92618921695418e-01;-4.31898039562690e-01
2.47000000000000e+03;4.90460906918397e-01;-4.32177256373364e-01
2.48000000000000e+03;4.88312673152045e-01;-4.32444332760789e-01
2.49000000000000e+03;4.86174216068826e-01;-4.32699437390899e-01
2.50000000000000e+03;4.84045530160977e-01;-4.32942736913499e-01
2.51000000000000e+03;4.81926608772402e-01;-4.33174395982643e-01
2.52000000000000e+03;4.79817444129898e-01;-4.33394577276895e-01
2.53000000000000e+03;4.77718027373734e-01;-4.33603441519461e-01
2.54000000000000e+03;4.75628348587582e-01;-4.33801147498205e-01
2.55000000000000e+03;4.73548396827827e-01;-4.33987852085532e-01
2.56000000000000e+03;4.71478160152253e-01;-4.34163710258152e-01
2.57000000000000e+03;4.69417625648133e-01;-4.34328875116712e-01
2.58000000000000e+03;4.67366779459716e-01;-4.34483497905303e-01
2.59000000000000e+03;4.65325606815143e-01;-4.34627728030838e-01
2.60000000000000e+03;4.63294092052781e-01;-4.34761713082299e-01
2.61000000000000e+03;4.61272218647005e-01;-4.34885598849857e-01
2.62000000000000e+03;4.59259969233430e-01;-4.34999529343855e-01
2.63000000000000e+03;4.57257325633600e-01;-4.35103646813662e-01
2.64000000000000e+03;4.55264268879151e-01;-4.35198091766399e-01
2.65000000000000e+03;4.53280779235460e-01;-4.35283002985524e-01
2.66000000000000e+03;4.51306836224775e-01;-4.35358517549284e-01
2.67000000000000e+03;4.49342418648858e-01;-4.35424770849038e-01
2.68000000000000e+03;4.47387504611128e-01;-4.35481896607441e-01
2.69000000000000e+03;4.45442071538336e-01;-4.35530026896489e-01
2.70000000000000e+03;4.43506096201754e-01;-4.35569292155434e-01
2.71000000000000e+03;4.41579554737921e-01;-4.35599821208561e-01
2.72000000000000e+03;4.39662422668917e-01;-4.35621741282822e-01
2.73000000000000e+03;4.37754674922208e-01;-4.35635178025339e-01
2.74000000000000e+03;4.35856285850047e-01;-4.35640255520770e-01
2.75000000000000e+03;4.33967229248451e-01;-4.35637096308530e-01
2.76000000000000e+03;4.32087478375758e-01;-4.35625821399879e-01
2.77000000000000e+03;4.30217005970774e-01;-4.35606550294873e-01
2.78000000000000e+03;4.28355784270519e-01;-4.35579400999171e-01
2.79000000000000e+03;4.26503785027569e-01;-4.35544490040704e-01
2.80000000000000e+03;4.24660979527025e-01;-4.35501932486213e-01
2.81000000000000e+03;4.22827338603088e-01;-4.35451841957635e-01
2.82000000000000e+03;4.21002832655272e-01;-4.35394330648362e-01
2.83000000000000e+03;4.19187431664245e-01;-4.35329509339353e-01
2.84000000000000e+03;4.17381105207315e-01;-4.35257487415110e-01
2.85000000000000e+03;4.15583822473563e-01;-4.35178372879516e-01
2.86000000000000e+03;4.13795552278636e-01;-4.35092272371534e-01
2.87000000000000e+03;4.12016263079195e-01;-4.34999291180763e-01
2.88000000000000e+03;4.10245922987040e-01;-4.34899533262861e-01
2.89000000000000e+03;4.08484499782905e-01;-4.34793101254826e-01
2.90000000000000e+03;4.06731960929938e-01;-4.34680096490145e-01
2.91000000000000e+03;4.04988273586866e-01;-4.34560619013793e-01
2.92000000000000e+03;4.03253404620861e-01;-4.34434767597109e-01
2.93000000000000e+03;4.01527320620098e-01;-4.34302639752523e-01
2.94000000000000e+03;3.99809987906025e-01;-4.34164331748153e-01
2.95000000000000e+03;3.98101372545346e-01;-4.34019938622263e-01
2.96000000000000e+03;3.96401440361716e-01;-4.33869554197583e-01
2.97000000000000e+03;3.94710156947165e-01;-4.33713271095499e-01
2.98000000000000e+03;3.93027487673253e-01;-4.33551180750100e-01
2.99000000000000e+03;3.91353397701951e-01;-4.33383373422095e-01
3.00000000000000e+03;3.89687851996270e-01;-4.33209938212599e-01
3.01000000000000e+03;3.88030815330633e-01;-4.33030963076773e-01
3.02000000000000e+03;3.86382252300992e-01;-4.32846534837345e-01
3.03000000000000e+03;3.84742127334711e-01;-4.32656739197989e-01
3.04000000000000e+03;3.83110404700200e-01;-4.32461660756573e-01
3.05000000000000e+03;3.81487048516317e-01;-4.32261383018282e-01
3.06000000000000e+03;3.79872022761541e-01;-4.32055988408596e-01
3.07000000000000e+03;3.78265291282917e-01;-4.31845558286156e-01
3.08000000000000e+03;3.76666817804784e-01;-4.31630172955482e-01
3.09000000000000e+03;3.75076565937285e-01;-4.31409911679577e-01
3.10000000000000e+03;3.73494499184662e-01;-4.31184852692392e-01
3.11000000000000e+03;3.71920580953349e-01;-4.30955073211167e-01
3.12000000000000e+03;3.70354774559856e-01;-4.30720649448647e-01
3.13000000000000e+03;3.68797043238461e-01;-4.30481656625170e-01
3.14000000000000e+03;3.67247350148697e-01;-4.30238168980627e-01
3.15000000000000e+03;3.65705658382660e-01;-4.29990259786300e-01
3.16000000000000e+03;3.64171930972120e-01;-4.29738001356577e-01
3.17000000000000e+03;3.62646130895455e-01;-4.29481465060538e-01
3.18000000000000e+03;3.61128221084402e-01;-4.29220721333426e-01
3.19000000000000e+03;3.59618164430637e-01;-4.28955839687990e-01
3.20000000000000e+03;3.58115923792176e-01;-4.28686888725708e-01
3.21000000000000e+03;3.56621461999615e-01;-4.28413936147898e-01
3.22000000000000e+03;3.55134741862203e-01;-4.28137048766694e-01
3.23000000000000e+03;3.53655726173750e-01;-4.27856292515918e-01
3.24000000000000e+03;3.52184377718383e-01;-4.27571732461827e-01
3.25000000000000e+03;3.50720659276144e-01;-4.27283432813745e-01
3.26000000000000e+03;3.49264533628438e-01;-4.26991456934577e-01
3.27000000000000e+03;3.47815963563329e-01;-4.26695867351213e-01
3.28000000000000e+03;3.46374911880703e-01;-4.26396725764810e-01
3.29000000000000e+03;3.44941341397270e-01;-4.26094093060968e-01
3.30000000000000e+03;3.43515214951447e-01;-4.25788029319789e-01
3.31000000000000e+03;3.42096495408093e-01;-4.25478593825826e-01
3.32000000000000e+03;3.40685145663115e-01;-4.25165845077919e-01
3.33000000000000e+03;3.39281128647944e-01;-4.24849840798926e-01
3.34000000000000e+03;3.37884407333881e-01;-4.24530637945337e-01
3.35000000000000e+03;3.36494944736326e-01;-4.24208292716789e-01
3.36000000000000e+03;3.35112703918878e-01;-4.23882860565467e-01
3.37000000000000e+03;3.33737647997316e-01;-4.23554396205401e-01
3.38000000000000e+03;3.32369740143470e-01;-4.23222953621657e-01
3.39000000000000e+03;3.31008943588971e-01;-4.22888586079427e-01
3.40000000000000e+03;3.29655221628895e-01;-4.22551346133006e-01
3.41000000000000e+03;3.28308537625294e-01;-4.22211285634677e-01
3.42000000000000e+03;3.26968855010621e-01;-4.21868455743491e-01
3.43000000000000e+03;3.25636137291056e-01;-4.21522906933939e-01
3.44000000000000e+03;3.24310348049721e-01;-4.21174689004533e-01
3.45000000000000e+03;3.22991450949806e-01;-4.20823851086282e-01
3.46000000000000e+03;3.21679409737584e-01;-4.20470441651077e-01
3.47000000000000e+03;3.20374188245349e-01;-4.20114508519966e-01
3.48000000000000e+03;3.19075750394239e-01;-4.19756098871347e-01
3.49000000000000e+03;3.17784060196991e-01;-4.19395259249054e-01
3.50000000000000e+03;3.16499081760586e-01;-4.19032035570355e-01
3.51000000000000e+03;3.15220779288822e-01;-4.18666473133853e-01
3.52000000000000e+03;3.13949117084797e-01;-4.18298616627296e-01
3.53000000000000e+03;3.12684059553303e-01;-4.17928510135295e-01
3.54000000000000e+03;3.11425571203152e-01;-4.17556197146947e-01
3.55000000000000e+03;3.10173616649409e-01;-4.17181720563374e-01
3.56000000000000e+03;3.08928160615556e-01;-4.16805122705166e-01
3.57000000000000e+03;3.07689167935577e-01;-4.16426445319745e-01
3.58000000000000e+03;3.06456603555971e-01;-4.16045729588628e-01
3.59000000000000e+03;3.05230432537690e-01;-4.15663016134616e-01
3.60000000000000e+03;3.04010620058007e-01;-4.15278345028890e-01
3.61000000000000e+03;3.02797131412320e-01;-4.14891755798023e-01
3.62000000000000e+03;3.01589932015879e-01;-4.14503287430912e-01
3.63000000000000e+03;3.00388987405456e-01;-4.14112978385619e-01
3.64000000000000e+03;2.99194263240948e-01;-4.13720866596138e-01
3.65000000000000e+03;2.98005725306915e-01;-4.13326989479073e-01
3.66000000000000e+03;2.96823339514057e-01;-4.12931383940242e-01
3.67000000000000e+03;2.95647071900636e-01;-4.12534086381198e-01
3.68000000000000e+03;2.94476888633834e-01;-4.12135132705667e-01
3.69000000000000e+03;2.93312756011056e-01;-4.11734558325916e-01
3.70000000000000e+03;2.92154640461180e-01;-4.11332398169037e-01
3.71000000000000e+03;2.91002508545745e-01;-4.10928686683158e-01
3.72000000000000e+03;2.89856326960098e-01;-4.10523457843576e-01
3.73000000000000e+03;2.88716062534476e-01;-4.10116745158817e-01
3.74000000000000e+03;2.87581682235047e-01;-4.09708581676622e-01
3.75000000000000e+03;2.86453153164900e-01;-4.09298999989855e-01
3.76000000000000e+03;2.85330442564983e-01;-4.08888032242347e-01
3.77000000000000e+03;2.84213517814996e-01;-4.08475710134660e-01
3.78000000000000e+03;2.83102346434243e-01;-4.08062064929785e-01
3.79000000000000e+03;2.81996896082432e-01;-4.07647127458769e-01
3.80000000000000e+03;2.80897134560436e-01;-4.07230928126270e-01
3.81000000000000e+03;2.79803029811010e-01;-4.06813496916047e-01
3.82000000000000e+03;2.78714549919467e-01;-4.06394863396380e-01
3.83000000000000e+03;2.77631663114316e-01;-4.05975056725423e-01
3.84000000000000e+03;2.76554337767854e-01;-4.05554105656492e-01
3.85000000000000e+03;2.75482542396727e-01;-4.05132038543287e-01
3.86000000000000e+03;2.74416245662453e-01;-4.04708883345047e-01
3.87000000000000e+03;2.73355416371901e-01;-4.04284667631643e-01
3.88000000000000e+03;2.72300023477745e-01;-4.03859418588606e-01
3.89000000000000e+03;2.71250036078872e-01;-4.03433163022097e-01
3.90000000000000e+03;2.70205423420772e-01;-4.03005927363809e-01
3.91000000000000e+03;2.69166154895876e-01;-4.02577737675808e-01
3.92000000000000e+03;2.68132200043879e-01;-4.02148619655320e-01
3.93000000000000e+03;2.67103528552020e-01;-4.01718598639452e-01
3.94000000000000e+03;2.66080110255341e-01;-4.01287699609854e-01
3.95000000000000e+03;2.65061915136908e-01;-4.00855947197328e-01
3.96000000000000e+03;2.64048913328009e-01;-4.00423365686369e-01
3.97000000000000e+03;2.63041075108324e-01;-3.99989979019663e-01
3.98000000000000e+03;2.62038370906061e-01;-3.99555810802516e-01
3.99000000000000e+03;2.61040771298077e-01;-3.99120884307232e-01
4.00000000000000e+03;2.60048247009962e-01;-3.98685222477437e-01
4.01000000000000e+03;2.59060768916108e-01;-3.98248847932349e-01
4.02000000000000e+03;2.58078308039741e-01;-3.97811782970989e-01
4.03000000000000e+03;2.57100835552944e-01;-3.97374049576344e-01
4.04000000000000e+03;2.56128322776645e-01;-3.96935669419477e-01
4.05000000000000e+03;2.55160741180592e-01;-3.96496663863581e-01
4.06000000000000e+03;2.54198062383295e-01;-3.96057053967987e-01
4.07000000000000e+03;2.53240258151962e-01;-3.95616860492118e-01
4.08000000000000e+03;2.52287300402395e-01;-3.95176103899392e-01
4.09000000000000e+03;2.51339161198890e-01;-3.94734804361079e-01
4.10000000000000e+03;2.50395812754092e-01;-3.94292981760108e-01
4.11000000000000e+03;2.49457227428852e-01;-3.93850655694819e-01
4.12000000000000e+03;2.48523377732054e-01;-3.93407845482682e-01
4.13000000000000e+03;2.47594236320427e-01;-3.92964570163953e-01
4.14000000000000e+03;2.46669775998345e-01;-3.92520848505292e-01
4.15000000000000e+03;2.45749969717598e-01;-3.92076699003335e-01
4.16000000000000e+03;2.44834790577163e-01;-3.91632139888216e-01
4.17000000000000e+03;2.43924211822943e-01;-3.91187189127050e-01
4.18000000000000e+03;2.43018206847504e-01;-3.90741864427366e-01
4.19000000000000e+03;2.42116749189790e-01;-3.90296183240498e-01
4.20000000000000e+03;2.41219812534825e-01;-3.89850162764935e-01
4.21000000000000e+03;2.40327370713401e-01;-3.89403819949629e-01
4.22000000000000e+03;2.39439397701753e-01;-3.88957171497252e-01
4.23000000000000e+03;2.38555867621225e-01;-3.88510233867422e-01
4.24000000000000e+03;2.37676754737913e-01;-3.88063023279882e-01
4.25000000000000e+03;2.36802033462308e-01;-3.87615555717641e-01
4.26000000000000e+03;2.35931678348917e-01;-3.87167846930072e-01
4.27000000000000e+03;2.35065664095882e-01;-3.86719912435970e-01
4.28000000000000e+03;2.34203965544577e-01;-3.86271767526578e-01
4.29000000000000e+03;2.33346557679207e-01;-3.85823427268562e-01
4.30000000000000e+03;2.32493415626384e-01;-3.85374906506959e-01
4.31000000000000e+03;2.31644514654704e-01;-3.84926219868083e-01
4.32000000000000e+03;2.30799830174306e-01;-3.84477381762390e-01
4.33000000000000e+03;2.29959337736428e-01;-3.84028406387312e-01
4.34000000000000e+03;2.29123013032950e-01;-3.83579307730052e-01
4.35000000000000e+03;2.28290831895931e-01;-3.83130099570342e-01
4.36000000000000e+03;2.27462770297134e-01;-3.82680795483170e-01
4.37000000000000e+03;2.26638804347549e-01;-3.82231408841465e-01
4.38000000000000e+03;2.25818910296902e-01;-3.81781952818752e-01
4.39000000000000e+03;2.25003064533161e-01;-3.81332440391775e-01
4.40000000000000e+03;2.24191243582032e-01;-3.80882884343079e-01
4.41000000000000e+03;2.23383424106452e-01;-3.80433297263566e-01
4.42000000000000e+03;2.22579582906072e-01;-3.79983691555014e-01
4.43000000000000e+03;2.21779696916730e-01;-3.79534079432565e-01
4.44000000000000e+03;2.20983743209933e-01;-3.79084472927180e-01
4.45000000000000e+03;2.20191698992311e-01;-3.78634883888062e-01
4.46000000000000e+03;2.19403541605087e-01;-3.78185323985051e-01
4.47000000000000e+03;2.18619248523526e-01;-3.77735804710985e-01
4.48000000000000e+03;2.17838797356388e-01;-3.77286337384029e-01
4.49000000000000e+03;2.17062165845372e-01;-3.76836933149980e-01
4.50000000000000e+03;2.16289331864558e-01;-3.76387602984536e-01
4.51000000000000e+03;2.15520273419840e-01;-3.75938357695538e-01
4.52000000000000e+03;2.14754968648363e-01;-3.75489207925183e-01
4.53000000000000e+03;2.13993395817944e-01;-3.75040164152212e-01
4.54000000000000e+03;2.13235533326506e-01;-3.74591236694062e-01
4.55000000000000e+03;2.12481359701488e-01;-3.74142435708996e-01
4.56000000000000e+03;2.11730853599270e-01;-3.73693771198207e-01
4.57000000000000e+03;2.10983993804585e-01;-3.73245253007886e-01
4.58000000000000e+03;2.10240759229928e-01;-3.72796890831274e-01
4.59000000000000e+03;2.09501128914969e-01;-3.72348694210682e-01
4.60000000000000e+03;2.08765082025952e-01;-3.71900672539482e-01
4.61000000000000e+03;2.08032597855106e-01;-3.71452835064080e-01
4.62000000000000e+03;2.07303655820038e-01;-3.71005190885854e-01
4.63000000000000e+03;2.06578235463138e-01;-3.70557748963079e-01
4.64000000000000e+03;2.05856316450972e-01;-3.70110518112814e-01
4.65000000000000e+03;2.05137878573679e-01;-3.69663507012774e-01
4.66000000000000e+03;2.04422901744361e-01;-3.69216724203172e-01
4.67000000000000e+03;2.03711365998479e-01;-3.68770178088543e-01
4.68000000000000e+03;2.03003251493240e-01;-3.68323876939539e-01
4.69000000000000e+03;2.02298538506985e-01;-3.67877828894702e-01
4.70000000000000e+03;2.01597207438581e-01;-3.67432041962217e-01
4.71000000000000e+03;2.00899238806801e-01;-3.66986524021637e-01
4.72000000000000e+03;2.00204613249718e-01;-3.66541282825594e-01
4.73000000000000e+03;1.99513311524083e-01;-3.66096326001477e-01
4.74000000000000e+03;1.98825314504712e-01;-3.65651661053096e-01
4.75000000000000e+03;1.98140603183871e-01;-3.65207295362324e-01
4.76000000000000e+03;1.97459158670656e-01;-3.64763236190715e-01
4.77000000000000e+03;1.96780962190381e-01;-3.64319490681100e-01
4.78000000000000e+03;1.96105995083956e-01;-3.63876065859168e-01
4.79000000000000e+03;1.95434238807271e-01;-3.63432968635020e-01
4.80000000000000e+03;1.94765674930580e-01;-3.62990205804707e-01
4.81000000000000e+03;1.94100285137885e-01;-3.62547784051747e-01
4.82000000000000e+03;1.93438051226314e-01;-3.62105709948622e-01
4.83000000000000e+03;1.92778955105510e-01;-3.61663989958255e-01
4.84000000000000e+03;1.92122978797010e-01;-3.61222630435471e-01
4.85000000000000e+03;1.91470104433631e-01;-3.60781637628435e-01
4.86000000000000e+03;1.90820314258857e-01;-3.60341017680071e-01
4.87000000000000e+03;1.90173590626220e-01;-3.59900776629468e-01
4.88000000000000e+03;1.89529915998687e-01;-3.59460920413265e-01
4.89000000000000e+03;1.88889272948049e-01;-3.59021454867014e-01
4.90000000000000e+03;1.88251644154308e-01;-3.58582385726530e-01
4.91000000000000e+03;1.87617012405061e-01;-3.58143718629225e-01
4.92000000000000e+03;1.86985360594897e-01;-3.57705459115419e-01
4.93000000000000e+03;1.86356671724782e-01;-3.57267612629639e-01
4.94000000000000e+03;1.85730928901450e-01;-3.56830184521896e-01
4.95000000000000e+03;1.85108115336803e-01;-3.56393180048953e-01
4.96000000000000e+03;1.84488214347295e-01;-3.55956604375570e-01
4.97000000000000e+03;1.83871209353337e-01;-3.55520462575735e-01
4.98000000000000e+03;1.83257083878687e-01;-3.55084759633879e-01
4.99000000000000e+03;1.82645821549852e-01;-3.54649500446075e-01
5.00000000000000e+03;1.82037406095486e-01;-3.54214689821225e-01
5.01000000000000e+03;1.81431821345791e-01;-3.53780332482223e-01
5.02000000000000e+03;1.80829051231922e-01;-3.53346433067115e-01
5.03000000000000e+03;1.80229079785390e-01;-3.52912996130229e-01
5.04000000000000e+03;1.79631891137469e-01;-3.52480026143308e-01
5.05000000000000e+03;1.79037469518600e-01;-3.52047527496612e-01
5.06000000000000e+03;1.78445799257809e-01;-3.51615504500015e-01
5.07000000000000e+03;1.77856864782109e-01;-3.51183961384086e-01
5.08000000000000e+03;1.77270650615921e-01;-3.50752902301156e-01
5.09000000000000e+03;1.76687141380486e-01;-3.50322331326368e-01
5.10000000000000e+03;1.76106321793280e-01;-3.49892252458720e-01
5.11000000000000e+03;1.75528176667438e-01;-3.49462669622086e-01
5.12000000000000e+03;1.74952690911174e-01;-3.49033586666233e-01
5.13000000000000e+03;1.74379849527200e-01;-3.48605007367817e-01
5.14000000000000e+03;1.73809637612156e-01;-3.48176935431368e-01
5.15000000000000e+03;1.73242040356038e-01;-3.47749374490269e-01
5.16000000000000e+03;1.72677043041623e-01;-3.47322328107711e-01
5.17000000000000e+03;1.72114631043905e-01;-3.46895799777645e-01
5.18000000000000e+03;1.71554789829526e-01;-3.46469792925715e-01
5.19000000000000e+03;1.70997504956217e-01;-3.46044310910186e-01
5.20000000000000e+03;1.70442762072229e-01;-3.45619357022852e-01
5.21000000000000e+03;1.69890546915780e-01;-3.45194934489940e-01
5.22000000000000e+03;1.69340845314498e-01;-3.44771046472994e-01
5.23000000000000e+03;1.68793643184861e-01;-3.44347696069756e-01
5.24000000000000e+03;1.68248926531649e-01;-3.43924886315031e-01
5.25000000000000e+03;1.67706681447396e-01;-3.43502620181538e-01
5.26000000000000e+03;1.67166894111837e-01;-3.43080900580760e-01
5.27000000000000e+03;1.66629550791365e-01;-3.42659730363768e-01
5.28000000000000e+03;1.66094637838493e-01;-3.42239112322051e-01
5.29000000000000e+03;1.65562141691306e-01;-3.41819049188321e-01
5.30000000000000e+03;1.65032048872927e-01;-3.41399543637317e-01
5.31000000000000e+03;1.64504345990986e-01;-3.40980598286592e-01
5.32000000000000e+03;1.63979019737078e-01;-3.40562215697299e-01
5.33000000000000e+03;1.63456056886239e-01;-3.40144398374954e-01
5.34000000000000e+03;1.62935444296419e-01;-3.39727148770197e-01
5.35000000000000e+03;1.62417168907953e-01;-3.39310469279548e-01
5.36000000000000e+03;1.61901217743038e-01;-3.38894362246141e-01
5.37000000000000e+03;1.61387577905218e-01;-3.38478829960456e-01
5.38000000000000e+03;1.60876236578861e-01;-3.38063874661044e-01
5.39000000000000e+03;1.60367181028646e-01;-3.37649498535233e-01
5.40000000000000e+03;1.59860398599050e-01;-3.37235703719836e-01
5.41000000000000e+03;1.59355876713840e-01;-3.36822492301843e-01
5.42000000000000e+03;1.58853602875564e-01;-3.36409866319104e-01
5.43000000000000e+03;1.58353564665046e-01;-3.35997827761008e-01
5.44000000000000e+03;1.57855749740883e-01;-3.35586378569147e-01
5.45000000000000e+03;1.57360145838949e-01;-3.35175520637975e-01
5.46000000000000e+03;1.56866740771896e-01;-3.34765255815462e-01
5.47000000000000e+03;1.56375522428657e-01;-3.34355585903730e-01
5.48000000000000e+03;1.55886478773960e-01;-3.33946512659689e-01
5.49000000000000e+03;1.55399597847835e-01;-3.33538037795662e-01
5.50000000000000e+03;1.54914867765128e-01;-3.33130162980001e-01
5.51000000000000e+03;1.54432276715018e-01;-3.32722889837696e-01
5.52000000000000e+03;1.53951812960537e-01;-3.32316219950981e-01
5.53000000000000e+03;1.53473464838087e-01;-3.31910154859917e-01
5.54000000000000e+03;1.52997220756969e-01;-3.31504696062989e-01
5.55000000000000e+03;1.52523069198910e-01;-3.31099845017676e-01
5.56000000000000e+03;1.52050998717585e-01;-3.30695603141026e-01
5.57000000000000e+03;1.51580997938161e-01;-3.30291971810217e-01
5.58000000000000e+03;1.51113055556818e-01;-3.29888952363114e-01
5.59000000000000e+03;1.50647160340298e-01;-3.29486546098819e-01
5.60000000000000e+03;1.50183301125438e-01;-3.29084754278208e-01
5.61000000000000e+03;1.49721466818715e-01;-3.28683578124472e-01
5.62000000000000e+03;1.49261646395791e-01;-3.28283018823642e-01
5.63000000000000e+03;1.48803828901058e-01;-3.27883077525107e-01
5.64000000000000e+03;1.48348003447194e-01;-3.27483755342133e-01
5.65000000000000e+03;1.47894159214711e-01;-3.27085053352369e-01
5.66000000000000e+03;1.47442285451511e-01;-3.26686972598346e-01
5.67000000000000e+03;1.46992371472448e-01;-3.26289514087974e-01
5.68000000000000e+03;1.46544406658884e-01;-3.25892678795029e-01
5.69000000000000e+03;1.46098380458256e-01;-3.25496467659635e-01
5.70000000000000e+03;1.45654282383639e-01;-3.25100881588740e-01
5.71000000000000e+03;1.45212102013317e-01;-3.24705921456585e-01
5.72000000000000e+03;1.44771828990353e-01;-3.24311588105167e-01
5.73000000000000e+03;1.44333453022162e-01;-3.23917882344699e-01
5.74000000000000e+03;1.43896963880090e-01;-3.23524804954058e-01
5.75000000000000e+03;1.43462351398987e-01;-3.23132356681231e-01
5.76000000000000e+03;1.43029605476796e-01;-3.22740538243759e-01
5.77000000000000e+03;1.42598716074132e-01;-3.22349350329166e-01
5.78000000000000e+03;1.42169673213868e-01;-3.21958793595390e-01
5.79000000000000e+03;1.41742466980727e-01;-3.21568868671208e-01
5.80000000000000e+03;1.41317087520871e-01;-3.21179576156649e-01
5.81000000000000e+03;1.40893525041497e-01;-3.20790916623410e-01
5.82000000000000e+03;1.40471769810432e-01;-3.20402890615262e-01
5.83000000000000e+03;1.40051812155732e-01;-3.20015498648450e-01
5.84000000000000e+03;1.39633642465285e-01;-3.19628741212094e-01
5.85000000000000e+03;1.39217251186412e-01;-3.19242618768572e-01
5.86000000000000e+03;1.38802628825478e-01;-3.18857131753915e-01
5.87000000000000e+03;1.38389765947497e-01;-3.18472280578183e-01
5.88000000000000e+03;1.37978653175744e-01;-3.18088065625844e-01
5.89000000000000e+03;1.37569281191371e-01;-3.17704487256144e-01
5.90000000000000e+03;1.37161640733021e-01;-3.17321545803473e-01
5.91000000000000e+03;1.36755722596448e-01;-3.16939241577728e-01
5.92000000000000e+03;1.36351517634137e-01;-3.16557574864671e-01
5.93000000000000e+03;1.35949016754928e-01;-3.16176545926280e-01
5.94000000000000e+03;1.35548210923644e-01;-3.15796155001099e-01
5.95000000000000e+03;1.35149091160715e-01;-3.15416402304580e-01
5.96000000000000e+03;1.34751648541812e-01;-3.15037288029421e-01
5.97000000000000e+03;1.34355874197479e-01;-3.14658812345904e-01
5.98000000000000e+03;1.33961759312770e-01;-3.14280975402223e-01
5.99000000000000e+03;1.33569295126883e-01;-3.13903777324811e-01
6.00000000000000e+03;1.33178472932803e-01;-3.13527218218662e-01
6.01000000000000e+03;1.32789284076946e-01;-3.13151298167647e-01
6.02000000000000e+03;1.32401719958799e-01;-3.12776017234832e-01
6.03000000000000e+03;1.32015772030571e-01;-3.12401375462780e-01
6.04000000000000e+03;1.31631431796841e-01;-3.12027372873867e-01
6.05000000000000e+03;1.31248690814210e-01;-3.11654009470573e-01
6.06000000000000e+03;1.30867540690953e-01;-3.11281285235788e-01
6.07000000000000e+03;1.30487973086680e-01;-3.10909200133101e-01
6.08000000000000e+03;1.30109979711989e-01;-3.10537754107091e-01
6.09000000000000e+03;1.29733552328129e-01;-3.10166947083614e-01
6.10000000000000e+03;1.29358682746664e-01;-3.09796778970087e-01
6.11000000000000e+03;1.28985362829136e-01;-3.09427249655764e-01
6.12000000000000e+03;1.28613584486735e-01;-3.09058359012013e-01
6.13000000000000e+03;1.28243339679965e-01;-3.08690106892587e-01
6.14000000000000e+03;1.27874620418318e-01;-3.08322493133894e-01
6.15000000000000e+03;1.27507418759950e-01;-3.07955517555259e-01
6.16000000000000e+03;1.27141726811353e-01;-3.07589179959189e-01
6.17000000000000e+03;1.26777536727034e-01;-3.07223480131625e-01
6.18000000000000e+03;1.26414840709198e-01;-3.06858417842205e-01
6.19000000000000e+03;1.26053631007428e-01;-3.06493992844507e-01
6.20000000000000e+03;1.25693899918370e-01;-3.06130204876302e-01
6.21000000000000e+03;1.25335639785423e-01;-3.05767053659799e-01
6.22000000000000e+03;1.24978842998422e-01;-3.05404538901882e-01
6.23000000000000e+03;1.24623501993333e-01;-3.05042660294355e-01
6.24000000000000e+03;1.24269609251945e-01;-3.04681417514172e-01
6.25000000000000e+03;1.23917157301566e-01;-3.04320810223672e-01
6.26000000000000e+03;1.23566138714717e-01;-3.03960838070809e-01
6.27000000000000e+03;1.23216546108835e-01;-3.03601500689376e-01
6.28000000000000e+03;1.22868372145973e-01;-3.03242797699231e-01
6.29000000000000e+03;1.22521609532502e-01;-3.02884728706513e-01
6.30000000000000e+03;1.22176251018816e-01;-3.02527293303867e-01
6.31000000000000e+03;1.21832289399041e-01;-3.02170491070653e-01
6.32000000000000e+03;1.21489717510743e-01;-3.01814321573158e-01
6.33000000000000e+03;1.21148528234641e-01;-3.01458784364811e-01
6.34000000000000e+03;1.20808714494316e-01;-3.01103878986381e-01
6.35000000000000e+03;1.20470269255931e-01;-3.00749604966190e-01
6.36000000000000e+03;1.20133185527943e-01;-3.00395961820306e-01
6.37000000000000e+03;1.19797456360828e-01;-3.00042949052747e-01
6.38000000000000e+03;1.19463074846795e-01;-2.99690566155677e-01
6.39000000000000e+03;1.19130034119515e-01;-2.99338812609594e-01
6.40000000000000e+03;1.18798327353840e-01;-2.98987687883528e-01
6.41000000000000e+03;1.18467947765535e-01;-2.98637191435225e-01
6.42000000000000e+03;1.18138888611002e-01;-2.98287322711334e-01
6.43000000000000e+03;1.17811143187013e-01;-2.97938081147592e-01
6.44000000000000e+03;1.17484704830439e-01;-2.97589466169004e-01
6.45000000000000e+03;1.17159566917989e-01;-2.97241477190019e-01
6.46000000000000e+03;1.16835722865940e-01;-2.96894113614713e-01
6.47000000000000e+03;1.16513166129879e-01;-2.96547374836958e-01
6.48000000000000e+03;1.16191890204439e-01;-2.96201260240595e-01
6.49000000000000e+03;1.15871888623044e-01;-2.95855769199605e-01
6.50000000000000e+03;1.15553154957648e-01;-2.95510901078275e-01
6.51000000000000e+03;1.15235682818481e-01;-2.95166655231364e-01
6.52000000000000e+03;1.14919465853798e-01;-2.94823031004266e-01
6.53000000000000e+03;1.14604497749622e-01;-2.94480027733170e-01
6.54000000000000e+03;1.14290772229501e-01;-2.94137644745221e-01
6.55000000000000e+03;1.13978283054252e-01;-2.93795881358676e-01
6.56000000000000e+03;1.13667024021720e-01;-2.93454736883055e-01
6.57000000000000e+03;1.13356988966531e-01;-2.93114210619302e-01
6.58000000000000e+03;1.13048171759848e-01;-2.92774301859926e-01
6.59000000000000e+03;1.12740566309131e-01;-2.92435009889156e-01
6.60000000000000e+03;1.12434166557896e-01;-2.92096333983087e-01
6.61000000000000e+03;1.12128966485479e-01;-2.91758273409824e-01
6.62000000000000e+03;1.11824960106795e-01;-2.91420827429623e-01
6.63000000000000e+03;1.11522141472108e-01;-2.91083995295035e-01
6.64000000000000e+03;1.11220504666794e-01;-2.90747776251046e-01
6.65000000000000e+03;1.10920043811111e-01;-2.90412169535209e-01
6.66000000000000e+03;1.10620753059971e-01;-2.90077174377786e-01
6.67000000000000e+03;1.10322626602705e-01;-2.89742790001878e-01
6.68000000000000e+03;1.10025658662843e-01;-2.89409015623557e-01
6.69000000000000e+03;1.09729843497886e-01;-2.89075850451999e-01
6.70000000000000e+03;1.09435175399082e-01;-2.88743293689609e-01
6.71000000000000e+03;1.09141648691202e-01;-2.88411344532151e-01
6.72000000000000e+03;1.08849257732325e-01;-2.88080002168871e-01
6.73000000000000e+03;1.08557996913612e-01;-2.87749265782622e-01
6.74000000000000e+03;1.08267860659094e-01;-2.87419134549984e-01
6.75000000000000e+03;1.07978843425451e-01;-2.87089607641388e-01
6.76000000000000e+03;1.07690939701802e-01;-2.86760684221230e-01
6.77000000000000e+03;1.07404144009488e-01;-2.86432363447992e-01
6.78000000000000e+03;1.07118450901865e-01;-2.86104644474354e-01
6.79000000000000e+03;1.06833854964088e-01;-2.85777526447312e-01
6.80000000000000e+03;1.06550350812907e-01;-2.85451008508289e-01
6.81000000000000e+03;1.06267933096457e-01;-2.85125089793242e-01
6.82000000000000e+03;1.05986596494056e-01;-2.84799769432781e-01
6.83000000000000e+03;1.05706335715995e-01;-2.84475046552265e-01
6.84000000000000e+03;1.05427145503339e-01;-2.84150920271920e-01
6.85000000000000e+03;1.05149020627726e-01;-2.83827389706937e-01
6.86000000000000e+03;1.04871955891163e-01;-2.83504453967579e-01
6.87000000000000e+03;1.04595946125833e-01;-2.83182112159281e-01
6.88000000000000e+03;1.04320986193891e-01;-2.82860363382755e-01
6.89000000000000e+03;1.04047070987273e-01;-2.82539206734085e-01
6.90000000000000e+03;1.03774195427501e-01;-2.82218641304831e-01
6.91000000000000e+03;1.03502354465487e-01;-2.81898666182119e-01
6.92000000000000e+03;1.03231543081344e-01;-2.81579280448745e-01
6.93000000000000e+03;1.02961756284194e-01;-2.81260483183262e-01
6.94000000000000e+03;1.02692989111978e-01;-2.80942273460079e-01
6.95000000000000e+03;1.02425236631271e-01;-2.80624650349548e-01
6.96000000000000e+03;1.02158493937093e-01;-2.80307612918060e-01
6.97000000000000e+03;1.01892756152723e-01;-2.79991160228131e-01
6.98000000000000e+03;1.01628018429518e-01;-2.79675291338492e-01
6.99000000000000e+03;1.01364275946728e-01;-2.79360005304173e-01
7.00000000000000e+03;1.01101523911315e-01;-2.79045301176594e-01
7.01000000000000e+03;1.00839757557774e-01;-2.78731178003646e-01
7.02000000000000e+03;1.00578972147953e-01;-2.78417634829778e-01
7.03000000000000e+03;1.00319162970874e-01;-2.78104670696075e-01
7.04000000000000e+03;1.00060325342561e-01;-2.77792284640343e-01
7.05000000000000e+03;9.98024546058593e-02;-2.77480475697190e-01
7.06000000000000e+03;9.95455461302655e-02;-2.77169242898100e-01
7.07000000000000e+03;9.92895953117534e-02;-2.76858585271518e-01
7.08000000000000e+03;9.90345975726026e-02;-2.76548501842923e-01
7.09000000000000e+03;9.87805483612277e-02;-2.76238991634905e-01
7.10000000000000e+03;9.85274431520100e-02;-2.75930053667240e-01
7.11000000000000e+03;9.82752774451291e-02;-2.75621686956964e-01
7.12000000000000e+03;9.80240467663960e-02;-2.75313890518445e-01
7.13000000000000e+03;9.77737466670875e-02;-2.75006663363460e-01
7.14000000000000e+03;9.75243727237821e-02;-2.74700004501257e-01
7.15000000000000e+03;9.72759205381963e-02;-2.74393912938635e-01
7.16000000000000e+03;9.70283857370224e-02;-2.74088387680004e-01
7.17000000000000e+03;9.67817639717678e-02;-2.73783427727461e-01
7.18000000000000e+03;9.65360509185948e-02;-2.73479032080851e-01
7.19000000000000e+03;9.62912422781615e-02;-2.73175199737839e-01
7.20000000000000e+03;9.60473337754649e-02;-2.72871929693971e-01
7.21000000000000e+03;9.58043211596836e-02;-2.72569220942738e-01
7.22000000000000e+03;9.55622002040224e-02;-2.72267072475644e-01
7.23000000000000e+03;9.53209667055583e-02;-2.71965483282267e-01
7.24000000000000e+03;9.50806164850865e-02;-2.71664452350318e-01
7.25000000000000e+03;9.48411453869686e-02;-2.71363978665705e-01
7.26000000000000e+03;9.46025492789813e-02;-2.71064061212592e-01
7.27000000000000e+03;9.43648240521661e-02;-2.70764698973460e-01
7.28000000000000e+03;9.41279656206801e-02;-2.70465890929163e-01
7.29000000000000e+03;9.38919699216482e-02;-2.70167636058986e-01
7.30000000000000e+03;9.36568329150159e-02;-2.69869933340705e-01
7.31000000000000e+03;9.34225505834033e-02;-2.69572781750640e-01
7.32000000000000e+03;9.31891189319599e-02;-2.69276180263710e-01
7.33000000000000e+03;9.29565339882209e-02;-2.68980127853491e-01
7.34000000000000e+03;9.27247918019640e-02;-2.68684623492266e-01
7.35000000000000e+03;9.24938884450676e-02;-2.68389666151079e-01
7.36000000000000e+03;9.22638200113694e-02;-2.68095254799791e-01
7.37000000000000e+03;9.20345826165270e-02;-2.67801388407124e-01
7.38000000000000e+03;9.18061723978781e-02;-2.67508065940719e-01
7.39000000000000e+03;9.15785855143027e-02;-2.67215286367183e-01
7.40000000000000e+03;9.13518181460864e-02;-2.66923048652140e-01
7.41000000000000e+03;9.11258664947835e-02;-2.66631351760275e-01
7.42000000000000e+03;9.09007267830823e-02;-2.66340194655389e-01
7.43000000000000e+03;9.06763952546704e-02;-2.66049576300441e-01
7.44000000000000e+03;9.04528681741018e-02;-2.65759495657597e-01
7.45000000000000e+03;9.02301418266639e-02;-2.65469951688276e-01
7.46000000000000e+03;9.00082125182467e-02;-2.65180943353194e-01
7.47000000000000e+03;8.97870765752113e-02;-2.64892469612410e-01
7.48000000000000e+03;8.95667303442611e-02;-2.64604529425369e-01
7.49000000000000e+03;8.93471701923123e-02;-2.64317121750947e-01
7.50000000000000e+03;8.91283925063664e-02;-2.64030245547492e-01
7.51000000000000e+03;8.89103936933830e-02;-2.63743899772868e-01
7.52000000000000e+03;8.86931701801538e-02;-2.63458083384495e-01
7.53000000000000e+03;8.84767184131771e-02;-2.63172795339391e-01
7.54000000000000e+03;8.82610348585335e-02;-2.62888034594211e-01
7.55000000000000e+03;8.80461160017628e-02;-2.62603800105289e-01
7.56000000000000e+03;8.78319583477403e-02;-2.62320090828675e-01
7.57000000000000e+03;8.76185584205562e-02;-2.62036905720175e-01
7.58000000000000e+03;8.74059127633935e-02;-2.61754243735390e-01
7.59000000000000e+03;8.71940179384086e-02;-2.61472103829751e-01
7.60000000000000e+03;8.69828705266118e-02;-2.61190484958557e-01
7.61000000000000e+03;8.67724671277484e-02;-2.60909386077013e-01
7.62000000000000e+03;8.65628043601815e-02;-2.60628806140264e-01
7.63000000000000e+03;8.63538788607750e-02;-2.60348744103432e-01
7.64000000000000e+03;8.61456872847775e-02;-2.60069198921647e-01
7.65000000000000e+03;8.59382263057069e-02;-2.59790169550088e-01
7.66000000000000e+03;8.57314926152362e-02;-2.59511654944011e-01
7.67000000000000e+03;8.55254829230795e-02;-2.59233654058784e-01
7.68000000000000e+03;8.53201939568797e-02;-2.58956165849923e-01
7.69000000000000e+03;8.51156224620954e-02;-2.58679189273118e-01
7.70000000000000e+03;8.49117652018906e-02;-2.58402723284272e-01
7.71000000000000e+03;8.47086189570235e-02;-2.58126766839526e-01
7.72000000000000e+03;8.45061805257369e-02;-2.57851318895295e-01
7.73000000000000e+03;8.43044467236490e-02;-2.57576378408294e-01
7.74000000000000e+03;8.41034143836450e-02;-2.57301944335573e-01
7.75000000000000e+03;8.39030803557701e-02;-2.57028015634542e-01
7.76000000000000e+03;8.37034415071222e-02;-2.56754591263001e-01
7.77000000000000e+03;8.35044947217454e-02;-2.56481670179172e-01
7.78000000000000e+03;8.33062369005258e-02;-2.56209251341724e-01
7.79000000000000e+03;8.31086649610858e-02;-2.55937333709800e-01
7.80000000000000e+03;8.29117758376805e-02;-2.55665916243047e-01
7.81000000000000e+03;8.27155664810948e-02;-2.55394997901643e-01
7.82000000000000e+03;8.25200338585405e-02;-2.55124577646319e-01
7.83000000000000e+03;8.23251749535547e-02;-2.54854654438393e-01
7.84000000000000e+03;8.21309867658985e-02;-2.54585227239787e-01
7.85000000000000e+03;8.19374663114570e-02;-2.54316295013059e-01
7.86000000000000e+03;8.17446106221390e-02;-2.54047856721423e-01
7.87000000000000e+03;8.15524167457786e-02;-2.53779911328780e-01
7.88000000000000e+03;8.13608817460362e-02;-2.53512457799734e-01
7.89000000000000e+03;8.11700027023014e-02;-2.53245495099620e-01
7.90000000000000e+03;8.09797767095954e-02;-2.52979022194531e-01
7.91000000000000e+03;8.07902008784752e-02;-2.52713038051333e-01
7.92000000000000e+03;8.06012723349376e-02;-2.52447541637693e-01
7.93000000000000e+03;8.04129882203239e-02;-2.52182531922101e-01
7.94000000000000e+03;8.02253456912261e-02;-2.51918007873890e-01
7.95000000000000e+03;8.00383419193928e-02;-2.51653968463260e-01
7.96000000000000e+03;7.98519740916358e-02;-2.51390412661296e-01
7.97000000000000e+03;7.96662394097384e-02;-2.51127339439992e-01
7.98000000000000e+03;7.94811350903627e-02;-2.50864747772270e-01
7.99000000000000e+03;7.92966583649589e-02;-2.50602636632001e-01
8.00000000000000e+03;7.91128064796745e-02;-2.50341004994021e-01
8.01000000000000e+03;7.89295766952643e-02;-2.50079851834160e-01
8.02000000000000e+03;7.87469662870011e-02;-2.49819176129249e-01
8.03000000000000e+03;7.85649725445869e-02;-2.49558976857150e-01
8.04000000000000e+03;7.83835927720648e-02;-2.49299252996766e-01
8.05000000000000e+03;7.82028242877311e-02;-2.49040003528064e-01
8.06000000000000e+03;7.80226644240490e-02;-2.48781227432095e-01
8.07000000000000e+03;7.78431105275611e-02;-2.48522923691003e-01
8.08000000000000e+03;7.76641599588050e-02;-2.48265091288053e-01
8.09000000000000e+03;7.74858100922270e-02;-2.48007729207641e-01
8.10000000000000e+03;7.73080583160978e-02;-2.47750836435313e-01
8.11000000000000e+03;7.71309020324286e-02;-2.47494411957781e-01
8.12000000000000e+03;7.69543386568871e-02;-2.47238454762940e-01
8.13000000000000e+03;7.67783656187155e-02;-2.46982963839886e-01
8.14000000000000e+03;7.66029803606470e-02;-2.46727938178925e-01
8.15000000000000e+03;7.64281803388246e-02;-2.46473376771596e-01
8.16000000000000e+03;7.62539630227200e-02;-2.46219278610682e-01
8.17000000000000e+03;7.60803258950524e-02;-2.45965642690225e-01
8.18000000000000e+03;7.59072664517085e-02;-2.45712468005542e-01
8.19000000000000e+03;7.57347822016630e-02;-2.45459753553239e-01
8.20000000000000e+03;7.55628706668995e-02;-2.45207498331225e-01
8.21000000000000e+03;7.53915293823317e-02;-2.44955701338724e-01
8.22000000000000e+03;7.52207558957256e-02;-2.44704361576292e-01
8.23000000000000e+03;7.50505477676217e-02;-2.44453478045828e-01
8.24000000000000e+03;7.48809025712585e-02;-2.44203049750588e-01
8.25000000000000e+03;7.47118178924956e-02;-2.43953075695197e-01
8.26000000000000e+03;7.45432913297377e-02;-2.43703554885663e-01
8.27000000000000e+03;7.43753204938596e-02;-2.43454486329387e-01
8.28000000000000e+03;7.42079030081309e-02;-2.43205869035179e-01
8.29000000000000e+03;7.40410365081416e-02;-2.42957702013267e-01
8.30000000000000e+03;7.38747186417280e-02;-2.42709984275308e-01
8.31000000000000e+03;7.37089470688999e-02;-2.42462714834403e-01
8.32000000000000e+03;7.35437194617669e-02;-2.42215892705106e-01
8.33000000000000e+03;7.33790335044662e-02;-2.41969516903433e-01
8.34000000000000e+03;7.32148868930908e-02;-2.41723586446879e-01
8.35000000000000e+03;7.30512773356178e-02;-2.41478100354420e-01
8.36000000000000e+03;7.28882025518373e-02;-2.41233057646534e-01
8.37000000000000e+03;7.27256602732822e-02;-2.40988457345200e-01
8.38000000000000e+03;7.25636482431579e-02;-2.40744298473917e-01
8.39000000000000e+03;7.24021642162724e-02;-2.40500580057709e-01
8.40000000000000e+03;7.22412059589678e-02;-2.40257301123136e-01
8.41000000000000e+03;7.20807712490511e-02;-2.40014460698304e-01
8.42000000000000e+03;7.19208578757261e-02;-2.39772057812873e-01
8.43000000000000e+03;7.17614636395257e-02;-2.39530091498067e-01
8.44000000000000e+03;7.16025863522446e-02;-2.39288560786682e-01
8.45000000000000e+03;7.14442238368724e-02;-2.39047464713097e-01
8.46000000000000e+03;7.12863739275270e-02;-2.38806802313278e-01
8.47000000000000e+03;7.11290344693889e-02;-2.38566572624792e-01
8.48000000000000e+03;7.09722033186353e-02;-2.38326774686810e-01
8.49000000000000e+03;7.08158783423756e-02;-2.38087407540119e-01
8.50000000000000e+03;7.06600574185857e-02;-2.37848470227126e-01
8.51000000000000e+03;7.05047384360449e-02;-2.37609961791869e-01
8.52000000000000e+03;7.03499192942711e-02;-2.37371881280023e-01
8.53000000000000e+03;7.01955979034581e-02;-2.37134227738906e-01
8.54000000000000e+03;7.00417721844123e-02;-2.36897000217491e-01
8.55000000000000e+03;6.98884400684901e-02;-2.36660197766406e-01
8.56000000000000e+03;6.97355994975355e-02;-2.36423819437945e-01
8.57000000000000e+03;6.95832484238193e-02;-2.36187864286076e-01
8.58000000000000e+03;6.94313848099765e-02;-2.35952331366442e-01
8.59000000000000e+03;6.92800066289463e-02;-2.35717219736375e-01
8.60000000000000e+03;6.91291118639112e-02;-2.35482528454894e-01
8.61000000000000e+03;6.89786985082368e-02;-2.35248256582717e-01
8.62000000000000e+03;6.88287645654124e-02;-2.35014403182265e-01
8.63000000000000e+03;6.86793080489910e-02;-2.34780967317668e-01
8.64000000000000e+03;6.85303269825313e-02;-2.34547948054770e-01
8.65000000000000e+03;6.83818193995383e-02;-2.34315344461133e-01
8.66000000000000e+03;6.82337833434055e-02;-2.34083155606047e-01
8.67000000000000e+03;6.80862168673569e-02;-2.33851380560531e-01
8.68000000000000e+03;6.79391180343900e-02;-2.33620018397338e-01
8.69000000000000e+03;6.77924849172182e-02;-2.33389068190964e-01
8.70000000000000e+03;6.76463155982145e-02;-2.33158529017648e-01
8.71000000000000e+03;6.75006081693551e-02;-2.32928399955379e-01
8.72000000000000e+03;6.73553607321635e-02;-2.32698680083901e-01
8.73000000000000e+03;6.72105713976549e-02;-2.32469368484717e-01
8.74000000000000e+03;6.70662382862807e-02;-2.32240464241091e-01
8.75000000000000e+03;6.69223595278745e-02;-2.32011966438056e-01
8.76000000000000e+03;6.67789332615969e-02;-2.31783874162416e-01
8.77000000000000e+03;6.66359576358811e-02;-2.31556186502748e-01
8.78000000000000e+03;6.64934308083803e-02;-2.31328902549410e-01
8.79000000000000e+03;6.63513509459131e-02;-2.31102021394542e-01
8.80000000000000e+03;6.62097162244111e-02;-2.30875542132069e-01
8.81000000000000e+03;6.60685248288658e-02;-2.30649463857708e-01
8.82000000000000e+03;6.59277749532765e-02;-2.30423785668966e-01
8.83000000000000e+03;6.57874648005982e-02;-2.30198506665147e-01
8.84000000000000e+03;6.56475925826897e-02;-2.29973625947356e-01
8.85000000000000e+03;6.55081565202624e-02;-2.29749142618497e-01
8.86000000000000e+03;6.53691548428291e-02;-2.29525055783282e-01
8.87000000000000e+03;6.52305857886538e-02;-2.29301364548230e-01
8.88000000000000e+03;6.50924476047006e-02;-2.29078068021668e-01
8.89000000000000e+03;6.49547385465841e-02;-2.28855165313741e-01
8.90000000000000e+03;6.48174568785196e-02;-2.28632655536406e-01
8.91000000000000e+03;6.46806008732736e-02;-2.28410537803439e-01
8.92000000000000e+03;6.45441688121149e-02;-2.28188811230437e-01
8.93000000000000e+03;6.44081589847657e-02;-2.27967474934819e-01
8.94000000000000e+03;6.42725696893531e-02;-2.27746528035829e-01
8.95000000000000e+03;6.41373992323611e-02;-2.27525969654536e-01
8.96000000000000e+03;6.40026459285826e-02;-2.27305798913841e-01
8.97000000000000e+03;6.38683081010722e-02;-2.27086014938472e-01
8.98000000000000e+03;6.37343840810985e-02;-2.26866616854990e-01
8.99000000000000e+03;6.36008722080976e-02;-2.26647603791792e-01
9.00000000000000e+03;6.34677708296266e-02;-2.26428974879108e-01
9.01000000000000e+03;6.33350783013165e-02;-2.26210729249004e-01
9.02000000000000e+03;6.32027929868274e-02;-2.25992866035388e-01
9.03000000000000e+03;6.30709132578016e-02;-2.25775384374003e-01
9.04000000000000e+03;6.29394374938191e-02;-2.25558283402436e-01
9.05000000000000e+03;6.28083640823517e-02;-2.25341562260114e-01
9.06000000000000e+03;6.26776914187190e-02;-2.25125220088308e-01
9.07000000000000e+03;6.25474179060429e-02;-2.24909256030132e-01
9.08000000000000e+03;6.24175419552043e-02;-2.24693669230546e-01
9.09000000000000e+03;6.22880619847984e-02;-2.24478458836354e-01
9.10000000000000e+03;6.21589764210913e-02;-2.24263623996208e-01
9.11000000000000e+03;6.20302836979767e-02;-2.24049163860605e-01
9.12000000000000e+03;6.19019822569321e-02;-2.23835077581892e-01
9.13000000000000e+03;6.17740705469769e-02;-2.23621364314263e-01
9.14000000000000e+03;6.16465470246293e-02;-2.23408023213760e-01
9.15000000000000e+03;6.15194101538637e-02;-2.23195053438275e-01
9.16000000000000e+03;6.13926584060691e-02;-2.22982454147549e-01
9.17000000000000e+03;6.12662902600073e-02;-2.22770224503172e-01
9.18000000000000e+03;6.11403042017711e-02;-2.22558363668585e-01
9.19000000000000e+03;6.10146987247433e-02;-2.22346870809077e-01
9.20000000000000e+03;6.08894723295554e-02;-2.22135745091789e-01
9.21000000000000e+03;6.07646235240472e-02;-2.21924985685710e-01
9.22000000000000e+03;6.06401508232263e-02;-2.21714591761679e-01
9.23000000000000e+03;6.05160527492276e-02;-2.21504562492387e-01
9.24000000000000e+03;6.03923278312735e-02;-2.21294897052372e-01
9.25000000000000e+03;6.02689746056344e-02;-2.21085594618021e-01
9.26000000000000e+03;6.01459916155889e-02;-2.20876654367571e-01
9.27000000000000e+03;6.00233774113849e-02;-2.20668075481107e-01
9.28000000000000e+03;5.99011305502002e-02;-2.20459857140562e-01
9.29000000000000e+03;5.97792495961043e-02;-2.20251998529718e-01
9.30000000000000e+03;5.96577331200198e-02;-2.20044498834200e-01
9.31000000000000e+03;5.95365796996838e-02;-2.19837357241484e-01
9.32000000000000e+03;5.94157879196104e-02;-2.19630572940888e-01
9.33000000000000e+03;5.92953563710526e-02;-2.19424145123577e-01
9.34000000000000e+03;5.91752836519651e-02;-2.19218072982560e-01
9.35000000000000e+03;5.90555683669669e-02;-2.19012355712687e-01
9.36000000000000e+03;5.89362091273041e-02;-2.18806992510655e-01
9.37000000000000e+03;5.88172045508134e-02;-2.18601982574997e-01
9.38000000000000e+03;5.86985532618851e-02;-2.18397325106091e-01
9.39000000000000e+03;5.85802538914273e-02;-2.18193019306151e-01
9.40000000000000e+03;5.84623050768294e-02;-2.17989064379233e-01
9.41000000000000e+03;5.83447054619265e-02;-2.17785459531227e-01
9.42000000000000e+03;5.82274536969632e-02;-2.17582203969862e-01
9.43000000000000e+03;5.81105484385589e-02;-2.17379296904698e-01
9.44000000000000e+03;5.79939883496719e-02;-2.17176737547132e-01
9.45000000000000e+03;5.78777720995651e-02;-2.16974525110393e-01
9.46000000000000e+03;5.77618983637705e-02;-2.16772658809538e-01
9.47000000000000e+03;5.76463658240551e-02;-2.16571137861458e-01
9.48000000000000e+03;5.75311731683865e-02;-2.16369961484868e-01
9.49000000000000e+03;5.74163190908985e-02;-2.16169128900311e-01
9.50000000000000e+03;5.73018022918577e-02;-2.15968639330156e-01
9.51000000000000e+03;5.71876214776292e-02;-2.15768491998594e-01
9.52000000000000e+03;5.70737753606436e-02;-2.15568686131640e-01
9.53000000000000e+03;5.69602626593634e-02;-2.15369220957127e-01
9.54000000000000e+03;5.68470820982499e-02;-2.15170095704706e-01
9.55000000000000e+03;5.67342324077309e-02;-2.14971309605849e-01
9.56000000000000e+03;5.66217123241670e-02;-2.14772861893837e-01
9.57000000000000e+03;5.65095205898200e-02;-2.14574751803770e-01
9.58000000000000e+03;5.63976559528205e-02;-2.14376978572555e-01
9.59000000000000e+03;5.62861171671354e-02;-2.14179541438911e-01
9.60000000000000e+03;5.61749029925365e-02;-2.13982439643364e-01
9.61000000000000e+03;5.60640121945685e-02;-2.13785672428246e-01
9.62000000000000e+03;5.59534435445179e-02;-2.13589239037692e-01
9.63000000000000e+03;5.58431958193813e-02;-2.13393138717638e-01
9.64000000000000e+03;5.57332678018345e-02;-2.13197370715821e-01
9.65000000000000e+03;5.56236582802017e-02;-2.13001934281776e-01
9.66000000000000e+03;5.55143660484248e-02;-2.12806828666832e-01
9.67000000000000e+03;5.54053899060326e-02;-2.12612053124111e-01
9.68000000000000e+03;5.52967286581109e-02;-2.12417606908529e-01
9.69000000000000e+03;5.51883811152719e-02;-2.12223489276787e-01
9.70000000000000e+03;5.50803460936247e-02;-2.12029699487375e-01
9.71000000000000e+03;5.49726224147452e-02;-2.11836236800567e-01
9.72000000000000e+03;5.48652089056467e-02;-2.11643100478420e-01
9.73000000000000e+03;5.47581043987504e-02;-2.11450289784768e-01
9.74000000000000e+03;5.46513077318561e-02;-2.11257803985227e-01
9.75000000000000e+03;5.45448177481134e-02;-2.11065642347184e-01
9.76000000000000e+03;5.44386332959928e-02;-2.10873804139800e-01
9.77000000000000e+03;5.43327532292566e-02;-2.10682288634007e-01
9.78000000000000e+03;5.42271764069310e-02;-2.10491095102503e-01
9.79000000000000e+03;5.41219016932773e-02;-2.10300222819755e-01
9.80000000000000e+03;5.40169279577639e-02;-2.10109671061988e-01
9.81000000000000e+03;5.39122540750383e-02;-2.09919439107192e-01
9.82000000000000e+03;5.38078789248994e-02;-2.09729526235110e-01
9.83000000000000e+03;5.37038013922695e-02;-2.09539931727245e-01
9.84000000000000e+03;5.36000203671673e-02;-2.09350654866848e-01
9.85000000000000e+03;5.34965347446801e-02;-2.09161694938924e-01
9.86000000000000e+03;5.33933434249370e-02;-2.08973051230222e-01
9.87000000000000e+03;5.32904453130819e-02;-2.08784723029238e-01
9.88000000000000e+03;5.31878393192463e-02;-2.08596709626208e-01
9.89000000000000e+03;5.30855243585231e-02;-2.08409010313110e-01
9.90000000000000e+03;5.29834993509400e-02;-2.08221624383655e-01
9.91000000000000e+03;5.28817632214327e-02;-2.08034551133290e-01
9.92000000000000e+03;5.27803148998197e-02;-2.07847789859193e-01
9.93000000000000e+03;5.26791533207753e-02;-2.07661339860269e-01
9.94000000000000e+03;5.25782774238041e-02;-2.07475200437149e-01
9.95000000000000e+03;5.24776861532156e-02;-2.07289370892188e-01
9.96000000000000e+03;5.23773784580982e-02;-2.07103850529457e-01
9.97000000000000e+03;5.22773532922941e-02;-2.06918638654748e-01
9.98000000000000e+03;5.21776096143739e-02;-2.06733734575565e-01
9.99000000000000e+03;5.20781463876116e-02;-2.06549137601123e-01
1.00000000000000e+04;5.19789625799598e-02;-2.06364847042344e-01
